Serial debugging port initialized
MBUS serial setup complete
7E A0 79 01 02 01 10 80 93 E6 E7 00 0F 40 00 00 00 09 0C 07 E1 09 0E 04 15 11 00 FF 80 00 00 02 0D 09 07 4B 46 4D 5F 30 30 31 09 10 36 39 37 30 36 33 31 34 30 31 37 35 33 39 38 35 09 08 4D 41 33 30 34 48 33 45 06 00 00 02 FC 06 00 00 00 00 06 00 00 00 00 06 00 00 00 8C 06 00 00 08 1C 06 00 00 07 97 06 00 00 0A CA 06 00 00 09 5E 06 00 00 00 00 06 00 00 09 66 FD 27 7E 
7E A0 27 01 02 01 10 5A 87 E6 E7 00 0F 40 00 00 00 09 0C 07 E1 09 0E 04 15 11 02 FF 80 00 00 02 01 06 00 00 02 FF 21 9D 7E 
7E A0 27 01 02 01 10 5A 87 E6 E7 00 0F 40 00 00 00 09 0C 07 E1 09 0E 04 15 11 04 FF 80 00 00 02 01 06 00 00 02 FB C8 DC 7E 
7E A0 27 01 02 01 10 5A 87 E6 E7 00 0F 40 00 00 00 09 0C 07 E1 09 0E 04 15 11 06 FF 80 00 00 02 01 06 00 00 02 FB 73 DE 7E 
7E A0 27 01 02 01 10 5A 87 E6 E7 00 0F 40 00 00 00 09 0C 07 E1 09 0E 04 15 11 08 FF 80 00 00 02 01 06 00 00 02 FD 64 B6 7E 
7E A0 79 01 02 01 10 80 93 E6 E7 00 0F 40 00 00 00 09 0C 07 E1 09 0E 04 15 11 0A FF 80 00 00 02 0D 09 07 4B 46 4D 5F 30 30 31 09 10 36 39 37 30 36 33 31 34 30 31 37 35 33 39 38 35 09 08 4D 41 33 30 34 48 33 45 06 00 00 02 FF 06 00 00 00 00 06 00 00 00 00 06 00 00 00 8A 06 00 00 08 22 06 00 00 07 9A 06 00 00 0A D4 06 00 00 09 5B 06 00 00 00 00 06 00 00 09 66 A7 44 7E 
7E A0 27 01 02 01 10 5A 87 E6 E7 00 0F 40 00 00 00 09 0C 07 E1 09 0E 04 15 11 0C FF 80 00 00 02 01 06 00 00 02 FC 9B A2 7E 
7E A0 27 01 02 01 10 5A 87 E6 E7 00 0F 40 00 00 00 09 0C 07 E1 09 0E 04 15 11 0E FF 80 00 00 02 01 06 00 00 02 FF BB 92 7E 
7E A0 27 01 02 01 10 5A 87 E6 E7 00 0F 40 00 00 00 09 0C 07 E1 09 0E 04 15 11 10 FF 80 00 00 02 01 06 00 00 02 FC D9 B8 7E 
7E A0 27 01 02 01 10 5A 87 E6 E7 00 0F 40 00 00 00 09 0C 07 E1 09 0E 04 15 11 12 FF 80 00 00 02 01 06 00 00 02 FB DD CE 7E 
7E A0 79 01 02 01 10 80 93 E6 E7 00 0F 40 00 00 00 09 0C 07 E1 09 0E 04 15 11 14 FF 80 00 00 02 0D 09 07 4B 46 4D 5F 30 30 31 09 10 36 39 37 30 36 33 31 34 30 31 37 35 33 39 38 35 09 08 4D 41 33 30 34 48 33 45 06 00 00 02 FE 06 00 00 00 00 06 00 00 00 00 06 00 00 00 8A 06 00 00 08 21 06 00 00 07 99 06 00 00 0A C8 06 00 00 09 60 06 00 00 00 00 06 00 00 09 6C 93 0A 7E 
7E A0 27 01 02 01 10 5A 87 E6 E7 00 0F 40 00 00 00 09 0C 07 E1 09 0E 04 15 11 16 FF 80 00 00 02 01 06 00 00 02 FD 9D AE 7E 
7E A0 27 01 02 01 10 5A 87 E6 E7 00 0F 40 00 00 00 09 0C 07 E1 09 0E 04 15 11 18 FF 80 00 00 02 01 06 00 00 02 F9 98 E5 7E 
7E A0 27 01 02 01 10 5A 87 E6 E7 00 0F 40 00 00 00 09 0C 07 E1 09 0E 04 15 11 1A FF 80 00 00 02 01 06 00 00 02 FB 31 C4 7E 
7E A0 27 01 02 01 10 5A 87 E6 E7 00 0F 40 00 00 00 09 0C 07 E1 09 0E 04 15 11 1C FF 80 00 00 02 01 06 00 00 02 FD CA A6 7E 
7E A0 79 01 02 01 10 80 93 E6 E7 00 0F 40 00 00 00 09 0C 07 E1 09 0E 04 15 11 1E FF 80 00 00 02 0D 09 07 4B 46 4D 5F 30 30 31 09 10 36 39 37 30 36 33 31 34 30 31 37 35 33 39 38 35 09 08 4D 41 33 30 34 48 33 45 06 00 00 02 FB 06 00 00 00 00 06 00 00 00 00 06 00 00 00 8C 06 00 00 08 11 06 00 00 07 98 06 00 00 0A C1 06 00 00 09 5E 06 00 00 00 00 06 00 00 09 69 FB 4C 7E 
7E A0 27 01 02 01 10 5A 87 E6 E7 00 0F 40 00 00 00 09 0C 07 E1 09 0E 04 15 11 20 FF 80 00 00 02 01 06 00 00 02 FE A3 A5 7E 
7E A0 27 01 02 01 10 5A 87 E6 E7 00 0F 40 00 00 00 09 0C 07 E1 09 0E 04 15 11 22 FF 80 00 00 02 01 06 00 00 02 FD 83 95 7E 
7E A0 27 01 02 01 10 5A 87 E6 E7 00 0F 40 00 00 00 09 0C 07 E1 09 0E 04 15 11 24 FF 80 00 00 02 01 06 00 00 02 FB 78 F7 7E 
7E A0 27 01 02 01 10 5A 87 E6 E7 00 0F 40 00 00 00 09 0C 07 E1 09 0E 04 15 11 26 FF 80 00 00 02 01 06 00 00 02 FE 6E A2 7E 
7E A0 79 01 02 01 10 80 93 E6 E7 00 0F 40 00 00 00 09 0C 07 E1 09 0E 04 15 11 28 FF 80 00 00 02 0D 09 07 4B 46 4D 5F 30 30 31 09 10 36 39 37 30 36 33 31 34 30 31 37 35 33 39 38 35 09 08 4D 41 33 30 34 48 33 45 06 00 00 02 F9 06 00 00 00 00 06 00 00 00 00 06 00 00 00 8B 06 00 00 08 0F 06 00 00 07 97 06 00 00 0A BF 06 00 00 09 5A 06 00 00 00 00 06 00 00 09 65 16 EB 7E 
7E A0 27 01 02 01 10 5A 87 E6 E7 00 0F 40 00 00 00 09 0C 07 E1 09 0E 04 15 11 2A FF 80 00 00 02 01 06 00 00 02 FC E6 8E 7E 
7E A0 27 01 02 01 10 5A 87 E6 E7 00 0F 40 00 00 00 09 0C 07 E1 09 0E 04 15 11 2C FF 80 00 00 02 01 06 00 00 03 01 99 BC 7E 
7E A0 27 01 02 01 10 5A 87 E6 E7 00 0F 40 00 00 00 09 0C 07 E1 09 0E 04 15 11 2E FF 80 00 00 02 01 06 00 00 02 FE 82 A8 7E 
7E A0 27 01 02 01 10 5A 87 E6 E7 00 0F 40 00 00 00 09 0C 07 E1 09 0E 04 15 11 30 FF 80 00 00 02 01 06 00 00 02 FC 69 93 7E 
7E A0 79 01 02 01 10 80 93 E6 E7 00 0F 40 00 00 00 09 0C 07 E1 09 0E 04 15 11 32 FF 80 00 00 02 0D 09 07 4B 46 4D 5F 30 30 31 09 10 36 39 37 30 36 33 31 34 30 31 37 35 33 39 38 35 09 08 4D 41 33 30 34 48 33 45 06 00 00 02 FE 06 00 00 00 00 06 00 00 00 00 06 00 00 00 8A 06 00 00 08 23 06 00 00 07 9C 06 00 00 0A D4 06 00 00 09 5D 06 00 00 00 00 06 00 00 09 68 8D E0 7E 
7E A0 27 01 02 01 10 5A 87 E6 E7 00 0F 40 00 00 00 09 0C 07 E1 09 0E 04 15 11 34 FF 80 00 00 02 01 06 00 00 02 FB A0 E2 7E 
7E A0 27 01 02 01 10 5A 87 E6 E7 00 0F 40 00 00 00 09 0C 07 E1 09 0E 04 15 11 36 FF 80 00 00 02 01 06 00 00 02 FE B6 B7 7E 
7E A0 27 01 02 01 10 5A 87 E6 E7 00 0F 40 00 00 00 09 0C 07 E1 09 0E 04 15 11 38 FF 80 00 00 02 01 06 00 00 02 FA B3 FC 7E 
7E A0 27 01 02 01 10 5A 87 E6 E7 00 0F 40 00 00 00 09 0C 07 E1 09 0E 04 15 11 3A FF 80 00 00 02 01 06 00 00 03 09 C4 22 7E 
7E A0 79 01 02 01 10 80 93 E6 E7 00 0F 40 00 00 00 09 0C 07 E1 09 0E 04 15 12 00 FF 80 00 00 02 0D 09 07 4B 46 4D 5F 30 30 31 09 10 36 39 37 30 36 33 31 34 30 31 37 35 33 39 38 35 09 08 4D 41 33 30 34 48 33 45 06 00 00 03 0B 06 00 00 00 00 06 00 00 00 00 06 00 00 00 85 06 00 00 08 43 06 00 00 07 8D 06 00 00 0A FF 06 00 00 09 5D 06 00 00 00 00 06 00 00 09 67 89 B7 7E 
7E A0 27 01 02 01 10 5A 87 E6 E7 00 0F 40 00 00 00 09 0C 07 E1 09 0E 04 15 12 02 FF 80 00 00 02 01 06 00 00 02 F9 E0 F6 7E 
7E A0 27 01 02 01 10 5A 87 E6 E7 00 0F 40 00 00 00 09 0C 07 E1 09 0E 04 15 12 04 FF 80 00 00 02 01 06 00 00 02 FA B6 C3 7E 
7E A0 27 01 02 01 10 5A 87 E6 E7 00 0F 40 00 00 00 09 0C 07 E1 09 0E 04 15 12 06 FF 80 00 00 02 01 06 00 00 02 FA 0D C1 7E 
7E A0 27 01 02 01 10 5A 87 E6 E7 00 0F 40 00 00 00 09 0C 07 E1 09 0E 04 15 12 08 FF 80 00 00 02 01 06 00 00 02 FC 1A A9 7E 
7E A0 79 01 02 01 10 80 93 E6 E7 00 0F 40 00 00 00 09 0C 07 E1 09 0E 04 15 12 0A FF 80 00 00 02 0D 09 07 4B 46 4D 5F 30 30 31 09 10 36 39 37 30 36 33 31 34 30 31 37 35 33 39 38 35 09 08 4D 41 33 30 34 48 33 45 06 00 00 02 F9 06 00 00 00 00 06 00 00 00 00 06 00 00 00 8C 06 00 00 08 07 06 00 00 07 98 06 00 00 0A B6 06 00 00 09 5D 06 00 00 00 00 06 00 00 09 67 53 02 7E 
7E A0 27 01 02 01 10 5A 87 E6 E7 00 0F 40 00 00 00 09 0C 07 E1 09 0E 04 15 12 0C FF 80 00 00 02 01 06 00 00 02 FA 5A C9 7E 
7E A0 27 01 02 01 10 5A 87 E6 E7 00 0F 40 00 00 00 09 0C 07 E1 09 0E 04 15 12 0E FF 80 00 00 02 01 06 00 00 02 FD 5E BF 7E 
7E A0 27 01 02 01 10 5A 87 E6 E7 00 0F 40 00 00 00 09 0C 07 E1 09 0E 04 15 12 10 FF 80 00 00 02 01 06 00 00 02 F7 FD 08 7E 
7E A0 27 01 02 01 10 5A 87 E6 E7 00 0F 40 00 00 00 09 0C 07 E1 09 0E 04 15 12 12 FF 80 00 00 02 01 06 00 00 02 F7 46 0A 7E 
7E A0 79 01 02 01 10 80 93 E6 E7 00 0F 40 00 00 00 09 0C 07 E1 09 0E 04 15 12 14 FF 80 00 00 02 0D 09 07 4B 46 4D 5F 30 30 31 09 10 36 39 37 30 36 33 31 34 30 31 37 35 33 39 38 35 09 08 4D 41 33 30 34 48 33 45 06 00 00 02 F9 06 00 00 00 00 06 00 00 00 00 06 00 00 00 8C 06 00 00 08 0D 06 00 00 07 95 06 00 00 0A BD 06 00 00 09 5A 06 00 00 00 00 06 00 00 09 63 2B DF 7E 
7E A0 27 01 02 01 10 5A 87 E6 E7 00 0F 40 00 00 00 09 0C 07 E1 09 0E 04 15 12 16 FF 80 00 00 02 01 06 00 00 02 F9 4E E6 7E 
7E A0 27 01 02 01 10 5A 87 E6 E7 00 0F 40 00 00 00 09 0C 07 E1 09 0E 04 15 12 18 FF 80 00 00 02 01 06 00 00 02 F8 E6 FA 7E 
7E A0 27 01 02 01 10 5A 87 E6 E7 00 0F 40 00 00 00 09 0C 07 E1 09 0E 04 15 12 1A FF 80 00 00 02 01 06 00 00 02 FC 79 BE 7E 
7E A0 27 01 02 01 10 5A 87 E6 E7 00 0F 40 00 00 00 09 0C 07 E1 09 0E 04 15 12 1C FF 80 00 00 02 01 06 00 00 02 FA 82 DC 7E 
7E A0 79 01 02 01 10 80 93 E6 E7 00 0F 40 00 00 00 09 0C 07 E1 09 0E 04 15 12 1E FF 80 00 00 02 0D 09 07 4B 46 4D 5F 30 30 31 09 10 36 39 37 30 36 33 31 34 30 31 37 35 33 39 38 35 09 08 4D 41 33 30 34 48 33 45 06 00 00 02 F9 06 00 00 00 00 06 00 00 00 00 06 00 00 00 8B 06 00 00 08 09 06 00 00 07 97 06 00 00 0A B8 06 00 00 09 5D 06 00 00 00 00 06 00 00 09 67 F2 4F 7E 
7E A0 27 01 02 01 10 5A 87 E6 E7 00 0F 40 00 00 00 09 0C 07 E1 09 0E 04 15 12 20 FF 80 00 00 02 01 06 00 00 02 FC 46 88 7E 
7E A0 27 01 02 01 10 5A 87 E6 E7 00 0F 40 00 00 00 09 0C 07 E1 09 0E 04 15 12 22 FF 80 00 00 02 01 06 00 00 02 FA CB EF 7E 
7E A0 27 01 02 01 10 5A 87 E6 E7 00 0F 40 00 00 00 09 0C 07 E1 09 0E 04 15 12 24 FF 80 00 00 02 01 06 00 00 02 F7 E3 33 7E 
7E A0 27 01 02 01 10 5A 87 E6 E7 00 0F 40 00 00 00 09 0C 07 E1 09 0E 04 15 12 26 FF 80 00 00 02 01 06 00 00 02 FE 99 AC 7E 
7E A0 79 01 02 01 10 80 93 E6 E7 00 0F 40 00 00 00 09 0C 07 E1 09 0E 04 15 12 28 FF 80 00 00 02 0D 09 07 4B 46 4D 5F 30 30 31 09 10 36 39 37 30 36 33 31 34 30 31 37 35 33 39 38 35 09 08 4D 41 33 30 34 48 33 45 06 00 00 02 FB 06 00 00 00 00 06 00 00 00 00 06 00 00 00 8C 06 00 00 08 15 06 00 00 07 99 06 00 00 0A C3 06 00 00 09 5E 06 00 00 00 00 06 00 00 09 66 B3 90 7E 
7E A0 27 01 02 01 10 5A 87 E6 E7 00 0F 40 00 00 00 09 0C 07 E1 09 0E 04 15 12 2A FF 80 00 00 02 01 06 00 00 02 F9 BC D7 7E 
7E A0 27 01 02 01 10 5A 87 E6 E7 00 0F 40 00 00 00 09 0C 07 E1 09 0E 04 15 12 2C FF 80 00 00 02 01 06 00 00 02 FD 55 96 7E 
7E A0 27 01 02 01 10 5A 87 E6 E7 00 0F 40 00 00 00 09 0C 07 E1 09 0E 04 15 12 2E FF 80 00 00 02 01 06 00 00 02 FA 51 E0 7E 
7E A0 27 01 02 01 10 5A 87 E6 E7 00 0F 40 00 00 00 09 0C 07 E1 09 0E 04 15 12 30 FF 80 00 00 02 01 06 00 00 02 FB 21 E9 7E 
7E A0 79 01 02 01 10 80 93 E6 E7 00 0F 40 00 00 00 09 0C 07 E1 09 0E 04 15 12 32 FF 80 00 00 02 0D 09 07 4B 46 4D 5F 30 30 31 09 10 36 39 37 30 36 33 31 34 30 31 37 35 33 39 38 35 09 08 4D 41 33 30 34 48 33 45 06 00 00 02 FF 06 00 00 00 00 06 00 00 00 00 06 00 00 00 8B 06 00 00 08 21 06 00 00 07 98 06 00 00 0A D2 06 00 00 09 5D 06 00 00 00 00 06 00 00 09 66 44 03 7E 
7E A0 27 01 02 01 10 5A 87 E6 E7 00 0F 40 00 00 00 09 0C 07 E1 09 0E 04 15 12 34 FF 80 00 00 02 01 06 00 00 02 FA DE FD 7E 
7E A0 27 01 02 01 10 5A 87 E6 E7 00 0F 40 00 00 00 09 0C 07 E1 09 0E 04 15 12 36 FF 80 00 00 02 01 06 00 00 02 FB EC EE 7E 
7E A0 27 01 02 01 10 5A 87 E6 E7 00 0F 40 00 00 00 09 0C 07 E1 09 0E 04 15 12 38 FF 80 00 00 02 01 06 00 00 02 FD FB 86 7E 
7E A0 27 01 02 01 10 5A 87 E6 E7 00 0F 40 00 00 00 09 0C 07 E1 09 0E 04 15 12 3A FF 80 00 00 02 01 06 00 00 02 FB 76 E1 7E 
7E A0 79 01 02 01 10 80 93 E6 E7 00 0F 40 00 00 00 09 0C 07 E1 09 0E 04 15 13 00 FF 80 00 00 02 0D 09 07 4B 46 4D 5F 30 30 31 09 10 36 39 37 30 36 33 31 34 30 31 37 35 33 39 38 35 09 08 4D 41 33 30 34 48 33 45 06 00 00 02 FB 06 00 00 00 00 06 00 00 00 00 06 00 00 00 8B 06 00 00 08 12 06 00 00 07 99 06 00 00 0A C2 06 00 00 09 5D 06 00 00 00 00 06 00 00 09 66 C2 B1 7E 
7E A0 27 01 02 01 10 5A 87 E6 E7 00 0F 40 00 00 00 09 0C 07 E1 09 0E 04 15 13 02 FF 80 00 00 02 01 06 00 00 02 FB 5F D0 7E 
7E A0 27 01 02 01 10 5A 87 E6 E7 00 0F 40 00 00 00 09 0C 07 E1 09 0E 04 15 13 04 FF 80 00 00 02 01 06 00 00 02 F9 80 F4 7E 
7E A0 27 01 02 01 10 5A 87 E6 E7 00 0F 40 00 00 00 09 0C 07 E1 09 0E 04 15 13 06 FF 80 00 00 02 01 06 00 00 02 FB 29 D5 7E 
7E A0 27 01 02 01 10 5A 87 E6 E7 00 0F 40 00 00 00 09 0C 07 E1 09 0E 04 15 13 08 FF 80 00 00 02 01 06 00 00 02 F8 93 EA 7E 
7E A0 79 01 02 01 10 80 93 E6 E7 00 0F 40 00 00 00 09 0C 07 E1 09 0E 04 15 13 0A FF 80 00 00 02 0D 09 07 4B 46 4D 5F 30 30 31 09 10 36 39 37 30 36 33 31 34 30 31 37 35 33 39 38 35 09 08 4D 41 33 30 34 48 33 45 06 00 00 02 F7 06 00 00 00 00 06 00 00 00 00 06 00 00 00 8B 06 00 00 08 0E 06 00 00 07 8D 06 00 00 0A B7 06 00 00 09 5D 06 00 00 00 00 06 00 00 09 67 0A A5 7E 
7E A0 27 01 02 01 10 5A 87 E6 E7 00 0F 40 00 00 00 09 0C 07 E1 09 0E 04 15 13 0C FF 80 00 00 02 01 06 00 00 03 01 73 9C 7E 
7E A0 27 01 02 01 10 5A 87 E6 E7 00 0F 40 00 00 00 09 0C 07 E1 09 0E 04 15 13 0E FF 80 00 00 02 01 06 00 00 02 FD F3 BA 7E 
7E A0 27 01 02 01 10 5A 87 E6 E7 00 0F 40 00 00 00 09 0C 07 E1 09 0E 04 15 13 10 FF 80 00 00 02 01 06 00 00 02 FB 3C C7 7E 
7E A0 27 01 02 01 10 5A 87 E6 E7 00 0F 40 00 00 00 09 0C 07 E1 09 0E 04 15 13 12 FF 80 00 00 02 01 06 00 00 02 F9 95 E6 7E 
7E A0 79 01 02 01 10 80 93 E6 E7 00 0F 40 00 00 00 09 0C 07 E1 09 0E 04 15 13 14 FF 80 00 00 02 0D 09 07 4B 46 4D 5F 30 30 31 09 10 36 39 37 30 36 33 31 34 30 31 37 35 33 39 38 35 09 08 4D 41 33 30 34 48 33 45 06 00 00 02 FA 06 00 00 00 00 06 00 00 00 00 06 00 00 00 8A 06 00 00 08 17 06 00 00 07 98 06 00 00 0A BB 06 00 00 09 5B 06 00 00 00 00 06 00 00 09 64 2C E0 7E 
7E A0 27 01 02 01 10 5A 87 E6 E7 00 0F 40 00 00 00 09 0C 07 E1 09 0E 04 15 13 16 FF 80 00 00 02 01 06 00 00 02 F8 6A F2 7E 
7E A0 27 01 02 01 10 5A 87 E6 E7 00 0F 40 00 00 00 09 0C 07 E1 09 0E 04 15 13 18 FF 80 00 00 02 01 06 00 00 02 F8 4B FF 7E 
7E A0 27 01 02 01 10 5A 87 E6 E7 00 0F 40 00 00 00 09 0C 07 E1 09 0E 04 15 13 1A FF 80 00 00 02 01 06 00 00 02 FE C6 98 7E 
7E A0 27 01 02 01 10 5A 87 E6 E7 00 0F 40 00 00 00 09 0C 07 E1 09 0E 04 15 13 1C FF 80 00 00 02 01 06 00 00 03 05 8F CF 7E 
7E A0 79 01 02 01 10 80 93 E6 E7 00 0F 40 00 00 00 09 0C 07 E1 09 0E 04 15 13 1E FF 80 00 00 02 0D 09 07 4B 46 4D 5F 30 30 31 09 10 36 39 37 30 36 33 31 34 30 31 37 35 33 39 38 35 09 08 4D 41 33 30 34 48 33 45 06 00 00 03 00 06 00 00 00 00 06 00 00 00 00 06 00 00 00 88 06 00 00 08 19 06 00 00 07 B2 06 00 00 0A D5 06 00 00 09 5B 06 00 00 00 00 06 00 00 09 65 E7 33 7E 
7E A0 27 01 02 01 10 5A 87 E6 E7 00 0F 40 00 00 00 09 0C 07 E1 09 0E 04 15 13 20 FF 80 00 00 02 01 06 00 00 03 09 11 34 7E 
7E A0 27 01 02 01 10 5A 87 E6 E7 00 0F 40 00 00 00 09 0C 07 E1 09 0E 04 15 13 22 FF 80 00 00 02 01 06 00 00 03 02 79 88 7E 
7E A0 27 01 02 01 10 5A 87 E6 E7 00 0F 40 00 00 00 09 0C 07 E1 09 0E 04 15 13 24 FF 80 00 00 02 01 06 00 00 03 0B 75 12 7E 
7E A0 27 01 02 01 10 5A 87 E6 E7 00 0F 40 00 00 00 09 0C 07 E1 09 0E 04 15 13 26 FF 80 00 00 02 01 06 00 00 02 FE 34 A9 7E 
7E A0 79 01 02 01 10 80 93 E6 E7 00 0F 40 00 00 00 09 0C 07 E1 09 0E 04 15 13 28 FF 80 00 00 02 0D 09 07 4B 46 4D 5F 30 30 31 09 10 36 39 37 30 36 33 31 34 30 31 37 35 33 39 38 35 09 08 4D 41 33 30 34 48 33 45 06 00 00 03 06 06 00 00 00 00 06 00 00 00 00 06 00 00 00 87 06 00 00 08 33 06 00 00 07 98 06 00 00 0A F0 06 00 00 09 5C 06 00 00 00 00 06 00 00 09 67 D8 86 7E 
7E A0 27 01 02 01 10 5A 87 E6 E7 00 0F 40 00 00 00 09 0C 07 E1 09 0E 04 15 13 2A FF 80 00 00 02 01 06 00 00 03 0E F9 48 7E 
7E A0 27 01 02 01 10 5A 87 E6 E7 00 0F 40 00 00 00 09 0C 07 E1 09 0E 04 15 13 2C FF 80 00 00 02 01 06 00 00 02 FE 63 A1 7E 
7E A0 27 01 02 01 10 5A 87 E6 E7 00 0F 40 00 00 00 09 0C 07 E1 09 0E 04 15 13 2E FF 80 00 00 02 01 06 00 00 02 FA FC E5 7E 
7E A0 27 01 02 01 10 5A 87 E6 E7 00 0F 40 00 00 00 09 0C 07 E1 09 0E 04 15 13 30 FF 80 00 00 02 01 06 00 00 02 FB 8C EC 7E 
7E A0 79 01 02 01 10 80 93 E6 E7 00 0F 40 00 00 00 09 0C 07 E1 09 0E 04 15 13 32 FF 80 00 00 02 0D 09 07 4B 46 4D 5F 30 30 31 09 10 36 39 37 30 36 33 31 34 30 31 37 35 33 39 38 35 09 08 4D 41 33 30 34 48 33 45 06 00 00 02 FC 06 00 00 00 00 06 00 00 00 00 06 00 00 00 89 06 00 00 08 15 06 00 00 07 96 06 00 00 0A C8 06 00 00 09 56 06 00 00 00 00 06 00 00 09 63 0D 02 7E 
7E A0 27 01 02 01 10 5A 87 E6 E7 00 0F 40 00 00 00 09 0C 07 E1 09 0E 04 15 13 34 FF 80 00 00 02 01 06 00 00 02 F9 E8 CA 7E 
7E A0 27 01 02 01 10 5A 87 E6 E7 00 0F 40 00 00 00 09 0C 07 E1 09 0E 04 15 13 36 FF 80 00 00 02 01 06 00 00 03 04 E1 FD 7E 
7E A0 27 01 02 01 10 5A 87 E6 E7 00 0F 40 00 00 00 09 0C 07 E1 09 0E 04 15 13 38 FF 80 00 00 02 01 06 00 00 03 15 C8 F1 7E 
7E A0 27 01 02 01 10 5A 87 E6 E7 00 0F 40 00 00 00 09 0C 07 E1 09 0E 04 15 13 3A FF 80 00 00 02 01 06 00 00 03 08 17 38 7E 
7E A0 79 01 02 01 10 80 93 E6 E7 00 0F 40 00 00 00 09 0C 07 E1 09 0E 04 15 14 00 FF 80 00 00 02 0D 09 07 4B 46 4D 5F 30 30 31 09 10 36 39 37 30 36 33 31 34 30 31 37 35 33 39 38 35 09 08 4D 41 33 30 34 48 33 45 06 00 00 03 10 06 00 00 00 00 06 00 00 00 00 06 00 00 00 85 06 00 00 08 41 06 00 00 07 99 06 00 00 0B 02 06 00 00 09 5E 06 00 00 00 00 06 00 00 09 69 D8 2C 7E 
7E A0 27 01 02 01 10 5A 87 E6 E7 00 0F 40 00 00 00 09 0C 07 E1 09 0E 04 15 14 02 FF 80 00 00 02 01 06 00 00 03 0E E6 71 7E 
7E A0 27 01 02 01 10 5A 87 E6 E7 00 0F 40 00 00 00 09 0C 07 E1 09 0E 04 15 14 04 FF 80 00 00 02 01 06 00 00 03 1C B8 45 7E 
7E A0 27 01 02 01 10 5A 87 E6 E7 00 0F 40 00 00 00 09 0C 07 E1 09 0E 04 15 14 06 FF 80 00 00 02 01 06 00 00 03 13 F4 BF 7E 
7E A0 27 01 02 01 10 5A 87 E6 E7 00 0F 40 00 00 00 09 0C 07 E1 09 0E 04 15 14 08 FF 80 00 00 02 01 06 00 00 02 FF 6F 86 7E 
7E A0 79 01 02 01 10 80 93 E6 E7 00 0F 40 00 00 00 09 0C 07 E1 09 0E 04 15 14 0A FF 80 00 00 02 0D 09 07 4B 46 4D 5F 30 30 31 09 10 36 39 37 30 36 33 31 34 30 31 37 35 33 39 38 35 09 08 4D 41 33 30 34 48 33 45 06 00 00 03 1A 06 00 00 00 00 06 00 00 00 00 06 00 00 00 83 06 00 00 08 6A 06 00 00 07 98 06 00 00 0B 2E 06 00 00 09 5B 06 00 00 00 00 06 00 00 09 67 78 B7 7E 
7E A0 27 01 02 01 10 5A 87 E6 E7 00 0F 40 00 00 00 09 0C 07 E1 09 0E 04 15 14 0C FF 80 00 00 02 01 06 00 00 02 FE 90 92 7E 
7E A0 27 01 02 01 10 5A 87 E6 E7 00 0F 40 00 00 00 09 0C 07 E1 09 0E 04 15 14 0E FF 80 00 00 02 01 06 00 00 02 FF A2 81 7E 
7E A0 27 01 02 01 10 5A 87 E6 E7 00 0F 40 00 00 00 09 0C 07 E1 09 0E 04 15 14 10 FF 80 00 00 02 01 06 00 00 02 FB 7F DF 7E 
7E A0 27 01 02 01 10 5A 87 E6 E7 00 0F 40 00 00 00 09 0C 07 E1 09 0E 04 15 14 12 FF 80 00 00 02 01 06 00 00 02 FA 4D CC 7E 
7E A0 79 01 02 01 10 80 93 E6 E7 00 0F 40 00 00 00 09 0C 07 E1 09 0E 04 15 14 14 FF 80 00 00 02 0D 09 07 4B 46 4D 5F 30 30 31 09 10 36 39 37 30 36 33 31 34 30 31 37 35 33 39 38 35 09 08 4D 41 33 30 34 48 33 45 06 00 00 02 FC 06 00 00 00 00 06 00 00 00 00 06 00 00 00 8B 06 00 00 08 24 06 00 00 07 8C 06 00 00 0A CE 06 00 00 09 5C 06 00 00 00 00 06 00 00 09 66 96 0B 7E 
7E A0 27 01 02 01 10 5A 87 E6 E7 00 0F 40 00 00 00 09 0C 07 E1 09 0E 04 15 14 16 FF 80 00 00 02 01 06 00 00 02 FE 1F 8F 7E 
7E A0 27 01 02 01 10 5A 87 E6 E7 00 0F 40 00 00 00 09 0C 07 E1 09 0E 04 15 14 18 FF 80 00 00 02 01 06 00 00 03 02 05 A6 7E 
7E A0 27 01 02 01 10 5A 87 E6 E7 00 0F 40 00 00 00 09 0C 07 E1 09 0E 04 15 14 1A FF 80 00 00 02 01 06 00 00 03 05 01 D0 7E 
7E A0 27 01 02 01 10 5A 87 E6 E7 00 0F 40 00 00 00 09 0C 07 E1 09 0E 04 15 14 1C FF 80 00 00 02 01 06 00 00 03 02 73 A3 7E 
7E A0 79 01 02 01 10 80 93 E6 E7 00 0F 40 00 00 00 09 0C 07 E1 09 0E 04 15 14 1E FF 80 00 00 02 0D 09 07 4B 46 4D 5F 30 30 31 09 10 36 39 37 30 36 33 31 34 30 31 37 35 33 39 38 35 09 08 4D 41 33 30 34 48 33 45 06 00 00 03 05 06 00 00 00 00 06 00 00 00 00 06 00 00 00 89 06 00 00 08 26 06 00 00 07 97 06 00 00 0A EC 06 00 00 09 5A 06 00 00 00 00 06 00 00 09 66 50 B8 7E 
7E A0 27 01 02 01 10 5A 87 E6 E7 00 0F 40 00 00 00 09 0C 07 E1 09 0E 04 15 14 20 FF 80 00 00 02 01 06 00 00 03 08 DB 3D 7E 
7E A0 27 01 02 01 10 5A 87 E6 E7 00 0F 40 00 00 00 09 0C 07 E1 09 0E 04 15 14 22 FF 80 00 00 02 01 06 00 00 02 FD 9A 86 7E 
7E A0 27 01 02 01 10 5A 87 E6 E7 00 0F 40 00 00 00 09 0C 07 E1 09 0E 04 15 14 24 FF 80 00 00 02 01 06 00 00 02 FC DE 90 7E 
7E A0 27 01 02 01 10 5A 87 E6 E7 00 0F 40 00 00 00 09 0C 07 E1 09 0E 04 15 14 26 FF 80 00 00 02 01 06 00 00 03 00 5E B6 7E 
7E A0 79 01 02 01 10 80 93 E6 E7 00 0F 40 00 00 00 09 0C 07 E1 09 0E 04 15 14 28 FF 80 00 00 02 0D 09 07 4B 46 4D 5F 30 30 31 09 10 36 39 37 30 36 33 31 34 30 31 37 35 33 39 38 35 09 08 4D 41 33 30 34 48 33 45 06 00 00 02 FF 06 00 00 00 00 06 00 00 00 00 06 00 00 00 8A 06 00 00 08 1E 06 00 00 07 99 06 00 00 0A D2 06 00 00 09 5E 06 00 00 00 00 06 00 00 09 67 EB 6F 7E 
7E A0 27 01 02 01 10 5A 87 E6 E7 00 0F 40 00 00 00 09 0C 07 E1 09 0E 04 15 14 2A FF 80 00 00 02 01 06 00 00 02 FE ED BE 7E 
7E A0 27 01 02 01 10 5A 87 E6 E7 00 0F 40 00 00 00 09 0C 07 E1 09 0E 04 15 14 2C FF 80 00 00 02 01 06 00 00 02 FD BB 8B 7E 
7E A0 27 01 02 01 10 5A 87 E6 E7 00 0F 40 00 00 00 09 0C 07 E1 09 0E 04 15 14 2E FF 80 00 00 02 01 06 00 00 02 FD 00 89 7E 
7E A0 27 01 02 01 10 5A 87 E6 E7 00 0F 40 00 00 00 09 0C 07 E1 09 0E 04 15 14 30 FF 80 00 00 02 01 06 00 00 02 FC 70 80 7E 
7E A0 79 01 02 01 10 80 93 E6 E7 00 0F 40 00 00 00 09 0C 07 E1 09 0E 04 15 14 32 FF 80 00 00 02 0D 09 07 4B 46 4D 5F 30 30 31 09 10 36 39 37 30 36 33 31 34 30 31 37 35 33 39 38 35 09 08 4D 41 33 30 34 48 33 45 06 00 00 02 FE 06 00 00 00 00 06 00 00 00 00 06 00 00 00 8B 06 00 00 08 1D 06 00 00 07 9A 06 00 00 0A D0 06 00 00 09 5F 06 00 00 00 00 06 00 00 09 68 29 72 7E 
7E A0 27 01 02 01 10 5A 87 E6 E7 00 0F 40 00 00 00 09 0C 07 E1 09 0E 04 15 14 34 FF 80 00 00 02 01 06 00 00 02 F6 5C 2A 7E 
7E A0 27 01 02 01 10 5A 87 E6 E7 00 0F 40 00 00 00 09 0C 07 E1 09 0E 04 15 14 36 FF 80 00 00 02 01 06 00 00 02 F7 6E 39 7E 
7E A0 27 01 02 01 10 5A 87 E6 E7 00 0F 40 00 00 00 09 0C 07 E1 09 0E 04 15 14 38 FF 80 00 00 02 01 06 00 00 02 FA AA EF 7E 
7E A0 27 01 02 01 10 5A 87 E6 E7 00 0F 40 00 00 00 09 0C 07 E1 09 0E 04 15 14 3A FF 80 00 00 02 01 06 00 00 02 FC 27 88 7E 
7E A0 79 01 02 01 10 80 93 E6 E7 00 0F 40 00 00 00 09 0C 07 E1 09 0E 04 15 15 00 FF 80 00 00 02 0D 09 07 4B 46 4D 5F 30 30 31 09 10 36 39 37 30 36 33 31 34 30 31 37 35 33 39 38 35 09 08 4D 41 33 30 34 48 33 45 06 00 00 02 FB 06 00 00 00 00 06 00 00 00 00 06 00 00 00 8B 06 00 00 08 14 06 00 00 07 99 06 00 00 0A C4 06 00 00 09 60 06 00 00 00 00 06 00 00 09 68 E2 98 7E 
7E A0 27 01 02 01 10 5A 87 E6 E7 00 0F 40 00 00 00 09 0C 07 E1 09 0E 04 15 15 02 FF 80 00 00 02 01 06 00 00 03 16 82 E8 7E 
7E A0 27 01 02 01 10 5A 87 E6 E7 00 0F 40 00 00 00 09 0C 07 E1 09 0E 04 15 15 04 FF 80 00 00 02 01 06 00 00 03 11 F0 9B 7E 
7E A0 27 01 02 01 10 5A 87 E6 E7 00 0F 40 00 00 00 09 0C 07 E1 09 0E 04 15 15 06 FF 80 00 00 02 01 06 00 00 02 FD F1 AD 7E 
7E A0 27 01 02 01 10 5A 87 E6 E7 00 0F 40 00 00 00 09 0C 07 E1 09 0E 04 15 15 08 FF 80 00 00 02 01 06 00 00 03 08 2A 19 7E 
7E A0 79 01 02 01 10 80 93 E6 E7 00 0F 40 00 00 00 09 0C 07 E1 09 0E 04 15 15 0A FF 80 00 00 02 0D 09 07 4B 46 4D 5F 30 30 31 09 10 36 39 37 30 36 33 31 34 30 31 37 35 33 39 38 35 09 08 4D 41 33 30 34 48 33 45 06 00 00 02 FE 06 00 00 00 00 06 00 00 00 00 06 00 00 00 8A 06 00 00 08 18 06 00 00 07 9A 06 00 00 0A CC 06 00 00 09 5F 06 00 00 00 00 06 00 00 09 67 F7 2E 7E 
7E A0 27 01 02 01 10 5A 87 E6 E7 00 0F 40 00 00 00 09 0C 07 E1 09 0E 04 15 15 0C FF 80 00 00 02 01 06 00 00 02 FE 3D 97 7E 
7E A0 27 01 02 01 10 5A 87 E6 E7 00 0F 40 00 00 00 09 0C 07 E1 09 0E 04 15 15 0E FF 80 00 00 02 01 06 00 00 02 FE 86 95 7E 
7E A0 27 01 02 01 10 5A 87 E6 E7 00 0F 40 00 00 00 09 0C 07 E1 09 0E 04 15 15 10 FF 80 00 00 02 01 06 00 00 02 FC 6D AE 7E 
7E A0 27 01 02 01 10 5A 87 E6 E7 00 0F 40 00 00 00 09 0C 07 E1 09 0E 04 15 15 12 FF 80 00 00 02 01 06 00 00 02 FC D6 AC 7E 
7E A0 79 01 02 01 10 80 93 E6 E7 00 0F 40 00 00 00 09 0C 07 E1 09 0E 04 15 15 14 FF 80 00 00 02 0D 09 07 4B 46 4D 5F 30 30 31 09 10 36 39 37 30 36 33 31 34 30 31 37 35 33 39 38 35 09 08 4D 41 33 30 34 48 33 45 06 00 00 03 13 06 00 00 00 00 06 00 00 00 00 06 00 00 00 85 06 00 00 08 61 06 00 00 07 98 06 00 00 0B 29 06 00 00 09 60 06 00 00 00 00 06 00 00 09 68 5D 02 7E 
7E A0 27 01 02 01 10 5A 87 E6 E7 00 0F 40 00 00 00 09 0C 07 E1 09 0E 04 15 15 16 FF 80 00 00 02 01 06 00 00 03 21 10 BD 7E 
7E A0 27 01 02 01 10 5A 87 E6 E7 00 0F 40 00 00 00 09 0C 07 E1 09 0E 04 15 15 18 FF 80 00 00 02 01 06 00 00 02 FB 3E D0 7E 
7E A0 27 01 02 01 10 5A 87 E6 E7 00 0F 40 00 00 00 09 0C 07 E1 09 0E 04 15 15 1A FF 80 00 00 02 01 06 00 00 03 46 33 A5 7E 
7E A0 27 01 02 01 10 5A 87 E6 E7 00 0F 40 00 00 00 09 0C 07 E1 09 0E 04 15 15 1C FF 80 00 00 02 01 06 00 00 03 5F BE 2F 7E 
7E A0 79 01 02 01 10 80 93 E6 E7 00 0F 40 00 00 00 09 0C 07 E1 09 0E 04 15 15 1E FF 80 00 00 02 0D 09 07 4B 46 4D 5F 30 30 31 09 10 36 39 37 30 36 33 31 34 30 31 37 35 33 39 38 35 09 08 4D 41 33 30 34 48 33 45 06 00 00 03 66 06 00 00 00 00 06 00 00 00 00 06 00 00 00 6D 06 00 00 08 58 06 00 00 09 43 06 00 00 0C 0E 06 00 00 09 5C 06 00 00 00 00 06 00 00 09 65 90 F3 7E 
7E A0 27 01 02 01 10 5A 87 E6 E7 00 0F 40 00 00 00 09 0C 07 E1 09 0E 04 15 15 20 FF 80 00 00 02 01 06 00 00 03 60 38 D7 7E 
7E A0 27 01 02 01 10 5A 87 E6 E7 00 0F 40 00 00 00 09 0C 07 E1 09 0E 04 15 15 22 FF 80 00 00 02 01 06 00 00 03 32 14 A4 7E 
7E A0 27 01 02 01 10 5A 87 E6 E7 00 0F 40 00 00 00 09 0C 07 E1 09 0E 04 15 15 24 FF 80 00 00 02 01 06 00 00 03 54 E9 A5 7E 
7E A0 27 01 02 01 10 5A 87 E6 E7 00 0F 40 00 00 00 09 0C 07 E1 09 0E 04 15 15 26 FF 80 00 00 02 01 06 00 00 03 47 48 85 7E 
7E A0 79 01 02 01 10 80 93 E6 E7 00 0F 40 00 00 00 09 0C 07 E1 09 0E 04 15 15 28 FF 80 00 00 02 0D 09 07 4B 46 4D 5F 30 30 31 09 10 36 39 37 30 36 33 31 34 30 31 37 35 33 39 38 35 09 08 4D 41 33 30 34 48 33 45 06 00 00 03 86 06 00 00 00 00 06 00 00 00 00 06 00 00 00 59 06 00 00 07 F5 06 00 00 0A 40 06 00 00 0C 64 06 00 00 09 5F 06 00 00 00 00 06 00 00 09 67 70 07 7E 
7E A0 27 01 02 01 10 5A 87 E6 E7 00 0F 40 00 00 00 09 0C 07 E1 09 0E 04 15 15 2A FF 80 00 00 02 01 06 00 00 03 B4 C6 4F 7E 
7E A0 27 01 02 01 10 5A 87 E6 E7 00 0F 40 00 00 00 09 0C 07 E1 09 0E 04 15 15 2C FF 80 00 00 02 01 06 00 00 03 BC 43 C4 7E 
7E A0 27 01 02 01 10 5A 87 E6 E7 00 0F 40 00 00 00 09 0C 07 E1 09 0E 04 15 15 2E FF 80 00 00 02 01 06 00 00 03 CA 49 D0 7E 
7E A0 27 01 02 01 10 5A 87 E6 E7 00 0F 40 00 00 00 09 0C 07 E1 09 0E 04 15 15 30 FF 80 00 00 02 01 06 00 00 03 94 4B 73 7E 
7E A0 79 01 02 01 10 80 93 E6 E7 00 0F 40 00 00 00 09 0C 07 E1 09 0E 04 15 15 32 FF 80 00 00 02 0D 09 07 4B 46 4D 5F 30 30 31 09 10 36 39 37 30 36 33 31 34 30 31 37 35 33 39 38 35 09 08 4D 41 33 30 34 48 33 45 06 00 00 03 A1 06 00 00 00 00 06 00 00 00 00 06 00 00 00 40 06 00 00 06 F1 06 00 00 0B 82 06 00 00 0C 7F 06 00 00 09 5E 06 00 00 00 00 06 00 00 09 65 7A A8 7E 
7E A0 27 01 02 01 10 5A 87 E6 E7 00 0F 40 00 00 00 09 0C 07 E1 09 0E 04 15 15 34 FF 80 00 00 02 01 06 00 00 03 A5 37 56 7E 
7E A0 27 01 02 01 10 5A 87 E6 E7 00 0F 40 00 00 00 09 0C 07 E1 09 0E 04 15 15 36 FF 80 00 00 02 01 06 00 00 03 B0 A0 13 7E 
7E A0 27 01 02 01 10 5A 87 E6 E7 00 0F 40 00 00 00 09 0C 07 E1 09 0E 04 15 15 38 FF 80 00 00 02 01 06 00 00 03 C1 8F 7C 7E 
7E A0 27 01 02 01 10 5A 87 E6 E7 00 0F 40 00 00 00 09 0C 07 E1 09 0E 04 15 15 3A FF 80 00 00 02 01 06 00 00 03 B7 85 68 7E 
7E A0 79 01 02 01 10 80 93 E6 E7 00 0F 40 00 00 00 09 0C 07 E1 09 0E 04 15 16 00 FF 80 00 00 02 0D 09 07 4B 46 4D 5F 30 30 31 09 10 36 39 37 30 36 33 31 34 30 31 37 35 33 39 38 35 09 08 4D 41 33 30 34 48 33 45 06 00 00 03 BB 06 00 00 00 00 06 00 00 00 00 06 00 00 00 34 06 00 00 06 D0 06 00 00 0C 2B 06 00 00 0C DD 06 00 00 09 5F 06 00 00 00 00 06 00 00 09 67 55 B4 7E 
7E A0 27 01 02 01 10 5A 87 E6 E7 00 0F 40 00 00 00 09 0C 07 E1 09 0E 04 15 16 02 FF 80 00 00 02 01 06 00 00 03 BE 37 CF 7E 
7E A0 27 01 02 01 10 5A 87 E6 E7 00 0F 40 00 00 00 09 0C 07 E1 09 0E 04 15 16 04 FF 80 00 00 02 01 06 00 00 03 C1 8A 43 7E 
7E A0 27 01 02 01 10 5A 87 E6 E7 00 0F 40 00 00 00 09 0C 07 E1 09 0E 04 15 16 06 FF 80 00 00 02 01 06 00 00 03 D4 1D 06 7E 
7E A0 27 01 02 01 10 5A 87 E6 E7 00 0F 40 00 00 00 09 0C 07 E1 09 0E 04 15 16 08 FF 80 00 00 02 01 06 00 00 03 DE 66 A4 7E 
7E A0 79 01 02 01 10 80 93 E6 E7 00 0F 40 00 00 00 09 0C 07 E1 09 0E 04 15 16 0A FF 80 00 00 02 0D 09 07 4B 46 4D 5F 30 30 31 09 10 36 39 37 30 36 33 31 34 30 31 37 35 33 39 38 35 09 08 4D 41 33 30 34 48 33 45 06 00 00 03 C9 06 00 00 00 00 06 00 00 00 00 06 00 00 00 2E 06 00 00 06 D5 06 00 00 0C 6D 06 00 00 0D 12 06 00 00 09 5F 06 00 00 00 00 06 00 00 09 66 FC 7B 7E 
7E A0 27 01 02 01 10 5A 87 E6 E7 00 0F 40 00 00 00 09 0C 07 E1 09 0E 04 15 16 0C FF 80 00 00 02 01 06 00 00 03 CA B5 F7 7E 
7E A0 27 01 02 01 10 5A 87 E6 E7 00 0F 40 00 00 00 09 0C 07 E1 09 0E 04 15 16 0E FF 80 00 00 02 01 06 00 00 03 D8 9D C6 7E 
7E A0 27 01 02 01 10 5A 87 E6 E7 00 0F 40 00 00 00 09 0C 07 E1 09 0E 04 15 16 10 FF 80 00 00 02 01 06 00 00 03 DA 76 FD 7E 
7E A0 27 01 02 01 10 5A 87 E6 E7 00 0F 40 00 00 00 09 0C 07 E1 09 0E 04 15 16 12 FF 80 00 00 02 01 06 00 00 03 CF E1 B8 7E 
7E A0 79 01 02 01 10 80 93 E6 E7 00 0F 40 00 00 00 09 0C 07 E1 09 0E 04 15 16 14 FF 80 00 00 02 0D 09 07 4B 46 4D 5F 30 30 31 09 10 36 39 37 30 36 33 31 34 30 31 37 35 33 39 38 35 09 08 4D 41 33 30 34 48 33 45 06 00 00 03 D0 06 00 00 00 00 06 00 00 00 00 06 00 00 00 2B 06 00 00 06 E9 06 00 00 0C 80 06 00 00 0D 35 06 00 00 09 5D 06 00 00 00 00 06 00 00 09 64 EB 38 7E 
7E A0 27 01 02 01 10 5A 87 E6 E7 00 0F 40 00 00 00 09 0C 07 E1 09 0E 04 15 16 16 FF 80 00 00 02 01 06 00 00 03 D9 20 C8 7E 
7E A0 27 01 02 01 10 5A 87 E6 E7 00 0F 40 00 00 00 09 0C 07 E1 09 0E 04 15 16 18 FF 80 00 00 02 01 06 00 00 03 D1 49 49 7E 
7E A0 27 01 02 01 10 5A 87 E6 E7 00 0F 40 00 00 00 09 0C 07 E1 09 0E 04 15 16 1A FF 80 00 00 02 01 06 00 00 04 31 F4 E1 7E 
7E A0 27 01 02 01 10 5A 87 E6 E7 00 0F 40 00 00 00 09 0C 07 E1 09 0E 04 15 16 1C FF 80 00 00 02 01 06 00 00 04 0B E0 78 7E 
7E A0 79 01 02 01 10 80 93 E6 E7 00 0F 40 00 00 00 09 0C 07 E1 09 0E 04 15 16 1E FF 80 00 00 02 0D 09 07 4B 46 4D 5F 30 30 31 09 10 36 39 37 30 36 33 31 34 30 31 37 35 33 39 38 35 09 08 4D 41 33 30 34 48 33 45 06 00 00 03 FF 06 00 00 00 00 06 00 00 00 00 06 00 00 00 51 06 00 00 07 A0 06 00 00 0C 8A 06 00 00 0D 55 06 00 00 09 5D 06 00 00 00 00 06 00 00 09 65 E7 78 7E 
7E A0 27 01 02 01 10 5A 87 E6 E7 00 0F 40 00 00 00 09 0C 07 E1 09 0E 04 15 16 20 FF 80 00 00 02 01 06 00 00 04 03 5A C5 7E 
7E A0 27 01 02 01 10 5A 87 E6 E7 00 0F 40 00 00 00 09 0C 07 E1 09 0E 04 15 16 22 FF 80 00 00 02 01 06 00 00 04 0A 20 5A 7E 
7E A0 27 01 02 01 10 5A 87 E6 E7 00 0F 40 00 00 00 09 0C 07 E1 09 0E 04 15 16 24 FF 80 00 00 02 01 06 00 00 04 03 2C C0 7E 
7E A0 27 01 02 01 10 5A 87 E6 E7 00 0F 40 00 00 00 09 0C 07 E1 09 0E 04 15 16 26 FF 80 00 00 02 01 06 00 00 04 08 44 7C 7E 
7E A0 79 01 02 01 10 80 93 E6 E7 00 0F 40 00 00 00 09 0C 07 E1 09 0E 04 15 16 28 FF 80 00 00 02 0D 09 07 4B 46 4D 5F 30 30 31 09 10 36 39 37 30 36 33 31 34 30 31 37 35 33 39 38 35 09 08 4D 41 33 30 34 48 33 45 06 00 00 04 00 06 00 00 00 00 06 00 00 00 00 06 00 00 00 50 06 00 00 07 9E 06 00 00 0C 85 06 00 00 0D 4F 06 00 00 09 5F 06 00 00 00 00 06 00 00 09 69 24 5D 7E 
7E A0 27 01 02 01 10 5A 87 E6 E7 00 0F 40 00 00 00 09 0C 07 E1 09 0E 04 15 16 2A FF 80 00 00 02 01 06 00 00 04 04 B2 B9 7E 
7E A0 27 01 02 01 10 5A 87 E6 E7 00 0F 40 00 00 00 09 0C 07 E1 09 0E 04 15 16 2C FF 80 00 00 02 01 06 00 00 04 03 C0 CA 7E 
7E A0 27 01 02 01 10 5A 87 E6 E7 00 0F 40 00 00 00 09 0C 07 E1 09 0E 04 15 16 2E FF 80 00 00 02 01 06 00 00 04 04 C4 BC 7E 
7E A0 27 01 02 01 10 5A 87 E6 E7 00 0F 40 00 00 00 09 0C 07 E1 09 0E 04 15 16 30 FF 80 00 00 02 01 06 00 00 04 00 19 E2 7E 
7E A0 79 01 02 01 10 80 93 E6 E7 00 0F 40 00 00 00 09 0C 07 E1 09 0E 04 15 16 32 FF 80 00 00 02 0D 09 07 4B 46 4D 5F 30 30 31 09 10 36 39 37 30 36 33 31 34 30 31 37 35 33 39 38 35 09 08 4D 41 33 30 34 48 33 45 06 00 00 04 04 06 00 00 00 00 06 00 00 00 00 06 00 00 00 4F 06 00 00 07 A0 06 00 00 0C 98 06 00 00 0D 5F 06 00 00 09 5D 06 00 00 00 00 06 00 00 09 66 8A 0F 7E 
7E A0 27 01 02 01 10 5A 87 E6 E7 00 0F 40 00 00 00 09 0C 07 E1 09 0E 04 15 16 34 FF 80 00 00 02 01 06 00 00 04 06 59 82 7E 
7E A0 27 01 02 01 10 5A 87 E6 E7 00 0F 40 00 00 00 09 0C 07 E1 09 0E 04 15 16 36 FF 80 00 00 02 01 06 00 00 04 12 47 D6 7E 
7E A0 27 01 02 01 10 5A 87 E6 E7 00 0F 40 00 00 00 09 0C 07 E1 09 0E 04 15 16 38 FF 80 00 00 02 01 06 00 00 04 03 6E DA 7E 
7E A0 27 01 02 01 10 5A 87 E6 E7 00 0F 40 00 00 00 09 0C 07 E1 09 0E 04 15 16 3A FF 80 00 00 02 01 06 00 00 04 00 4E EA 7E 
7E A0 79 01 02 01 10 80 93 E6 E7 00 0F 40 00 00 00 09 0C 07 E1 09 0E 04 15 17 00 FF 80 00 00 02 0D 09 07 4B 46 4D 5F 30 30 31 09 10 36 39 37 30 36 33 31 34 30 31 37 35 33 39 38 35 09 08 4D 41 33 30 34 48 33 45 06 00 00 03 FF 06 00 00 00 00 06 00 00 00 00 06 00 00 00 50 06 00 00 07 8D 06 00 00 0C 9C 06 00 00 0D 4D 06 00 00 09 5F 06 00 00 00 00 06 00 00 09 67 B0 B1 7E 
7E A0 27 01 02 01 10 5A 87 E6 E7 00 0F 40 00 00 00 09 0C 07 E1 09 0E 04 15 17 02 FF 80 00 00 02 01 06 00 00 04 03 FC E9 7E 
7E A0 27 01 02 01 10 5A 87 E6 E7 00 0F 40 00 00 00 09 0C 07 E1 09 0E 04 15 17 04 FF 80 00 00 02 01 06 00 00 03 FE 53 8F 7E 
7E A0 27 01 02 01 10 5A 87 E6 E7 00 0F 40 00 00 00 09 0C 07 E1 09 0E 04 15 17 06 FF 80 00 00 02 01 06 00 00 03 FF 61 9C 7E 
7E A0 27 01 02 01 10 5A 87 E6 E7 00 0F 40 00 00 00 09 0C 07 E1 09 0E 04 15 17 08 FF 80 00 00 02 01 06 00 00 04 00 30 D3 7E 
7E A0 79 01 02 01 10 80 93 E6 E7 00 0F 40 00 00 00 09 0C 07 E1 09 0E 04 15 17 0A FF 80 00 00 02 0D 09 07 4B 46 4D 5F 30 30 31 09 10 36 39 37 30 36 33 31 34 30 31 37 35 33 39 38 35 09 08 4D 41 33 30 34 48 33 45 06 00 00 03 FD 06 00 00 00 00 06 00 00 00 00 06 00 00 00 50 06 00 00 07 84 06 00 00 0C 9D 06 00 00 0D 47 06 00 00 09 5E 06 00 00 00 00 06 00 00 09 65 AD ED 7E 
7E A0 27 01 02 01 10 5A 87 E6 E7 00 0F 40 00 00 00 09 0C 07 E1 09 0E 04 15 17 0C FF 80 00 00 02 01 06 00 00 03 FC AD A6 7E 
7E A0 27 01 02 01 10 5A 87 E6 E7 00 0F 40 00 00 00 09 0C 07 E1 09 0E 04 15 17 0E FF 80 00 00 02 01 06 00 00 03 FD 9F B5 7E 
7E A0 27 01 02 01 10 5A 87 E6 E7 00 0F 40 00 00 00 09 0C 07 E1 09 0E 04 15 17 10 FF 80 00 00 02 01 06 00 00 04 0C 68 06 7E 
7E A0 27 01 02 01 10 5A 87 E6 E7 00 0F 40 00 00 00 09 0C 07 E1 09 0E 04 15 17 12 FF 80 00 00 02 01 06 00 00 04 00 BF CE 7E 
7E A0 79 01 02 01 10 80 93 E6 E7 00 0F 40 00 00 00 09 0C 07 E1 09 0E 04 15 17 14 FF 80 00 00 02 0D 09 07 4B 46 4D 5F 30 30 31 09 10 36 39 37 30 36 33 31 34 30 31 37 35 33 39 38 35 09 08 4D 41 33 30 34 48 33 45 06 00 00 04 01 06 00 00 00 00 06 00 00 00 00 06 00 00 00 4F 06 00 00 07 94 06 00 00 0C 9D 06 00 00 0D 55 06 00 00 09 5E 06 00 00 00 00 06 00 00 09 66 4F 3E 7E 
7E A0 27 01 02 01 10 5A 87 E6 E7 00 0F 40 00 00 00 09 0C 07 E1 09 0E 04 15 17 16 FF 80 00 00 02 01 06 00 00 03 FF B9 89 7E 
7E A0 27 01 02 01 10 5A 87 E6 E7 00 0F 40 00 00 00 09 0C 07 E1 09 0E 04 15 17 18 FF 80 00 00 02 01 06 00 00 03 FF 98 84 7E 
7E A0 27 01 02 01 10 5A 87 E6 E7 00 0F 40 00 00 00 09 0C 07 E1 09 0E 04 15 17 1A FF 80 00 00 02 01 06 00 00 04 01 DA D5 7E 
7E A0 27 01 02 01 10 5A 87 E6 E7 00 0F 40 00 00 00 09 0C 07 E1 09 0E 04 15 17 1C FF 80 00 00 02 01 06 00 00 04 00 9E C3 7E 
7E A0 79 01 02 01 10 80 93 E6 E7 00 0F 40 00 00 00 09 0C 07 E1 09 0E 04 15 17 1E FF 80 00 00 02 0D 09 07 4B 46 4D 5F 30 30 31 09 10 36 39 37 30 36 33 31 34 30 31 37 35 33 39 38 35 09 08 4D 41 33 30 34 48 33 45 06 00 00 03 FF 06 00 00 00 00 06 00 00 00 00 06 00 00 00 50 06 00 00 07 8B 06 00 00 0C 98 06 00 00 0D 4A 06 00 00 09 60 06 00 00 00 00 06 00 00 09 68 50 76 7E 
7E A0 27 01 02 01 10 5A 87 E6 E7 00 0F 40 00 00 00 09 0C 07 E1 09 0E 04 15 17 20 FF 80 00 00 02 01 06 00 00 04 02 7E 
D1 7E 
7E A0 27 01 02 01 10 5A 87 E6 E7 00 0F 40 00 00 00 09 0C 07 E1 09 0E 04 15 17 22 FF 80 00 00 02 01 06 00 00 03 FE 2E A3 7E 
7E A0 27 01 02 01 10 5A 87 E6 E7 00 0F 40 00 00 00 09 0C 07 E1 09 0E 04 15 17 24 FF 80 00 00 02 01 06 00 00 04 02 08 D4 7E 
7E A0 27 01 02 01 10 5A 87 E6 E7 00 0F 40 00 00 00 09 0C 07 E1 09 0E 04 15 17 26 FF 80 00 00 02 01 06 00 00 04 03 3A C7 7E 
7E A0 79 01 02 01 10 80 93 E6 E7 00 0F 40 00 00 00 09 0C 07 E1 09 0E 04 15 17 28 FF 80 00 00 02 0D 09 07 4B 46 4D 5F 30 30 31 09 10 36 39 37 30 36 33 31 34 30 31 37 35 33 39 38 35 09 08 4D 41 33 30 34 48 33 45 06 00 00 03 FF 06 00 00 00 00 06 00 00 00 00 06 00 00 00 51 06 00 00 07 94 06 00 00 0C 91 06 00 00 0D 4C 06 00 00 09 62 06 00 00 00 00 06 00 00 09 66 E8 CD 7E 
7E A0 27 01 02 01 10 5A 87 E6 E7 00 0F 40 00 00 00 09 0C 07 E1 09 0E 04 15 17 2A FF 80 00 00 02 01 06 00 00 04 01 B2 EB 7E 
7E A0 27 01 02 01 10 5A 87 E6 E7 00 0F 40 00 00 00 09 0C 07 E1 09 0E 04 15 17 2C FF 80 00 00 02 01 06 00 00 04 03 6D CF 7E 
7E A0 27 01 02 01 10 5A 87 E6 E7 00 0F 40 00 00 00 09 0C 07 E1 09 0E 04 15 17 2E FF 80 00 00 02 01 06 00 00 03 FD 2F 9E 7E 
7E A0 27 01 02 01 10 5A 87 E6 E7 00 0F 40 00 00 00 09 0C 07 E1 09 0E 04 15 17 30 FF 80 00 00 02 01 06 00 00 03 FC 5F 97 7E 
7E A0 79 01 02 01 10 80 93 E6 E7 00 0F 40 00 00 00 09 0C 07 E1 09 0E 04 15 17 32 FF 80 00 00 02 0D 09 07 4B 46 4D 5F 30 30 31 09 10 36 39 37 30 36 33 31 34 30 31 37 35 33 39 38 35 09 08 4D 41 33 30 34 48 33 45 06 00 00 04 02 06 00 00 00 00 06 00 00 00 00 06 00 00 00 50 06 00 00 07 B1 06 00 00 0C 8B 06 00 00 0D 5D 06 00 00 09 5E 06 00 00 00 00 06 00 00 09 63 90 B6 7E 
7E A0 27 01 02 01 10 5A 87 E6 E7 00 0F 40 00 00 00 09 0C 07 E1 09 0E 04 15 17 34 FF 80 00 00 02 01 06 00 00 04 01 4B F3 7E 
7E A0 27 01 02 01 10 5A 87 E6 E7 00 0F 40 00 00 00 09 0C 07 E1 09 0E 04 15 17 36 FF 80 00 00 02 01 06 00 00 04 01 F0 F1 7E 
7E A0 27 01 02 01 10 5A 87 E6 E7 00 0F 40 00 00 00 09 0C 07 E1 09 0E 04 15 17 38 FF 80 00 00 02 01 06 00 00 04 04 7C AB 7E 
7E A0 27 01 02 01 10 5A 87 E6 E7 00 0F 40 00 00 00 09 0C 07 E1 09 0E 04 15 17 3A FF 80 00 00 02 01 06 00 00 04 00 E3 EF 7E 
7E A0 79 01 02 01 10 80 93 E6 E7 00 0F 40 00 00 00 09 0C 07 E1 09 0E 04 15 18 00 FF 80 00 00 02 0D 09 07 4B 46 4D 5F 30 30 31 09 10 36 39 37 30 36 33 31 34 30 31 37 35 33 39 38 35 09 08 4D 41 33 30 34 48 33 45 06 00 00 03 FF 06 00 00 00 00 06 00 00 00 00 06 00 00 00 50 06 00 00 07 93 06 00 00 0C 92 06 00 00 0D 4E 06 00 00 09 5F 06 00 00 00 00 06 00 00 09 65 19 A5 7E 
7E A0 27 01 02 01 10 5A 87 E6 E7 00 0F 40 00 00 00 09 0C 07 E1 09 0E 04 15 18 02 FF 80 00 00 02 01 06 00 00 04 01 C5 FF 7E 
7E A0 27 01 02 01 10 5A 87 E6 E7 00 0F 40 00 00 00 09 0C 07 E1 09 0E 04 15 18 04 FF 80 00 00 02 01 06 00 00 03 FF F1 AB 7E 
7E A0 27 01 02 01 10 5A 87 E6 E7 00 0F 40 00 00 00 09 0C 07 E1 09 0E 04 15 18 06 FF 80 00 00 02 01 06 00 00 04 00 3A EB 7E 
7E A0 27 01 02 01 10 5A 87 E6 E7 00 0F 40 00 00 00 09 0C 07 E1 09 0E 04 15 18 08 FF 80 00 00 02 01 06 00 00 04 05 B6 B1 7E 
7E A0 79 01 02 01 10 80 93 E6 E7 00 0F 40 00 00 00 09 0C 07 E1 09 0E 04 15 18 0A FF 80 00 00 02 0D 09 07 4B 46 4D 5F 30 30 31 09 10 36 39 37 30 36 33 31 34 30 31 37 35 33 39 38 35 09 08 4D 41 33 30 34 48 33 45 06 00 00 04 00 06 00 00 00 00 06 00 00 00 00 06 00 00 00 51 06 00 00 07 91 06 00 00 0C 94 06 00 00 0D 4E 06 00 00 09 5F 06 00 00 00 00 06 00 00 09 67 7C C3 7E 
7E A0 27 01 02 01 10 5A 87 E6 E7 00 0F 40 00 00 00 09 0C 07 E1 09 0E 04 15 18 0C FF 80 00 00 02 01 06 00 00 04 00 6D E3 7E 
7E A0 27 01 02 01 10 5A 87 E6 E7 00 0F 40 00 00 00 09 0C 07 E1 09 0E 04 15 18 0E FF 80 00 00 02 01 06 00 00 04 02 C4 C2 7E 
7E A0 27 01 02 01 10 5A 87 E6 E7 00 0F 40 00 00 00 09 0C 07 E1 09 0E 04 15 18 10 FF 80 00 00 02 01 06 00 00 04 00 2F F9 7E 
7E A0 27 01 02 01 10 5A 87 E6 E7 00 0F 40 00 00 00 09 0C 07 E1 09 0E 04 15 18 12 FF 80 00 00 02 01 06 00 00 04 01 1D EA 7E 
7E A0 79 01 02 01 10 80 93 E6 E7 00 0F 40 00 00 00 09 0C 07 E1 09 0E 04 15 18 14 FF 80 00 00 02 0D 09 07 4B 46 4D 5F 30 30 31 09 10 36 39 37 30 36 33 31 34 30 31 37 35 33 39 38 35 09 08 4D 41 33 30 34 48 33 45 06 00 00 04 00 06 00 00 00 00 06 00 00 00 00 06 00 00 00 50 06 00 00 07 9C 06 00 00 0C 8F 06 00 00 0D 54 06 00 00 09 5F 06 00 00 00 00 06 00 00 09 66 EA AC 7E 
7E A0 27 01 02 01 10 5A 87 E6 E7 00 0F 40 00 00 00 09 0C 07 E1 09 0E 04 15 18 16 FF 80 00 00 02 01 06 00 00 03 FD 80 9F 7E 
7E A0 27 01 02 01 10 5A 87 E6 E7 00 0F 40 00 00 00 09 0C 07 E1 09 0E 04 15 18 18 FF 80 00 00 02 01 06 00 00 03 FE 3A A0 7E 
7E A0 27 01 02 01 10 5A 87 E6 E7 00 0F 40 00 00 00 09 0C 07 E1 09 0E 04 15 18 1A FF 80 00 00 02 01 06 00 00 04 05 D5 A6 7E 
7E A0 27 01 02 01 10 5A 87 E6 E7 00 0F 40 00 00 00 09 0C 07 E1 09 0E 04 15 18 1C FF 80 00 00 02 01 06 00 00 03 FE 4C A5 7E 
7E A0 79 01 02 01 10 80 93 E6 E7 00 0F 40 00 00 00 09 0C 07 E1 09 0E 04 15 18 1E FF 80 00 00 02 0D 09 07 4B 46 4D 5F 30 30 31 09 10 36 39 37 30 36 33 31 34 30 31 37 35 33 39 38 35 09 08 4D 41 33 30 34 48 33 45 06 00 00 04 00 06 00 00 00 00 06 00 00 00 00 06 00 00 00 50 06 00 00 07 93 06 00 00 0C 95 06 00 00 0D 53 06 00 00 09 5F 06 00 00 00 00 06 00 00 09 64 F9 7E 
7E 7E 
A0 27 01 02 01 10 5A 87 E6 E7 00 0F 40 00 00 00 09 0C 07 E1 09 0E 04 15 18 20 FF 80 00 00 02 01 06 00 00 04 03 DC F5 7E 
7E A0 27 01 02 01 10 5A 87 E6 E7 00 0F 40 00 00 00 09 0C 07 E1 09 0E 04 15 18 22 FF 80 00 00 02 01 06 00 00 04 01 75 D4 7E 
7E A0 27 01 02 01 10 5A 87 E6 E7 00 0F 40 00 00 00 09 0C 07 E1 09 0E 04 15 18 24 FF 80 00 00 02 01 06 00 00 04 02 23 E1 7E 
7E A0 27 01 02 01 10 5A 87 E6 E7 00 0F 40 00 00 00 09 0C 07 E1 09 0E 04 15 18 26 FF 80 00 00 02 01 06 00 00 04 05 27 97 7E 
7E A0 79 01 02 01 10 80 93 E6 E7 00 0F 40 00 00 00 09 0C 07 E1 09 0E 04 15 18 28 FF 80 00 00 02 0D 09 07 4B 46 4D 5F 30 30 31 09 10 36 39 37 30 36 33 31 34 30 31 37 35 33 39 38 35 09 08 4D 41 33 30 34 48 33 45 06 00 00 04 03 06 00 00 00 00 06 00 00 00 00 06 00 00 00 4F 06 00 00 07 9E 06 00 00 0C 98 06 00 00 0D 5F 06 00 00 09 5D 06 00 00 00 00 06 00 00 09 65 E5 BE 7E 
7E A0 27 01 02 01 10 5A 87 E6 E7 00 0F 40 00 00 00 09 0C 07 E1 09 0E 04 15 18 2A FF 80 00 00 02 01 06 00 00 04 00 10 CF 7E 
7E A0 27 01 02 01 10 5A 87 E6 E7 00 0F 40 00 00 00 09 0C 07 E1 09 0E 04 15 18 2C FF 80 00 00 02 01 06 00 00 04 03 46 FA 7E 
7E A0 27 01 02 01 10 5A 87 E6 E7 00 0F 40 00 00 00 09 0C 07 E1 09 0E 04 15 18 2E FF 80 00 00 02 01 06 00 00 04 04 42 8C 7E 
7E A0 27 01 02 01 10 5A 87 E6 E7 00 0F 40 00 00 00 09 0C 07 E1 09 0E 04 15 18 30 FF 80 00 00 02 01 06 00 00 04 02 8D F1 7E 
7E A0 79 01 02 01 10 80 93 E6 E7 00 0F 40 00 00 00 09 0C 07 E1 09 0E 04 15 18 32 FF 80 00 00 02 0D 09 07 4B 46 4D 5F 30 30 31 09 10 36 39 37 30 36 33 31 34 30 31 37 35 33 39 38 35 09 08 4D 41 33 30 34 48 33 45 06 00 00 04 05 06 00 00 00 00 06 00 00 00 00 06 00 00 00 4D 06 00 00 07 A0 06 00 00 0C 97 06 00 00 0D 62 06 00 00 09 5F 06 00 00 00 00 06 00 00 09 66 FB 6E 7E 
7E A0 27 01 02 01 10 5A 87 E6 E7 00 0F 40 00 00 00 09 0C 07 E1 09 0E 04 15 18 34 FF 80 00 00 02 01 06 00 00 04 00 E9 D7 7E 
7E A0 27 01 02 01 10 5A 87 E6 E7 00 0F 40 00 00 00 09 0C 07 E1 09 0E 04 15 18 36 FF 80 00 00 02 01 06 00 00 04 04 76 93 7E 
7E A0 27 01 02 01 10 5A 87 E6 E7 00 0F 40 00 00 00 09 0C 07 E1 09 0E 04 15 18 38 FF 80 00 00 02 01 06 00 00 04 03 E8 EA 7E 
7E A0 27 01 02 01 10 5A 87 E6 E7 00 0F 40 00 00 00 09 0C 07 E1 09 0E 04 15 18 3A FF 80 00 00 02 01 06 00 00 04 01 41 CB 7E 
7E A0 79 01 02 01 10 80 93 E6 E7 00 0F 40 00 00 00 09 0C 07 E1 09 0E 04 15 19 00 FF 80 00 00 02 0D 09 07 4B 46 4D 5F 30 30 31 09 10 36 39 37 30 36 33 31 34 30 31 37 35 33 39 38 35 09 08 4D 41 33 30 34 48 33 45 06 00 00 04 0C 06 00 00 00 00 06 00 00 00 00 06 00 00 00 4F 06 00 00 07 98 06 00 00 0C BF 06 00 00 0D 7F 06 00 00 09 60 06 00 00 00 00 06 00 00 09 68 1B 6B 7E 
7E A0 27 01 02 01 10 5A 87 E6 E7 00 0F 40 00 00 00 09 0C 07 E1 09 0E 04 15 19 02 FF 80 00 00 02 01 06 00 00 04 07 5E 9F 7E 
7E A0 27 01 02 01 10 5A 87 E6 E7 00 0F 40 00 00 00 09 0C 07 E1 09 0E 04 15 19 04 FF 80 00 00 02 01 06 00 00 04 02 3E CF 7E 
7E A0 27 01 02 01 10 5A 87 E6 E7 00 0F 40 00 00 00 09 0C 07 E1 09 0E 04 15 19 06 FF 80 00 00 02 01 06 00 00 04 03 0C DC 7E 
7E A0 27 01 02 01 10 5A 87 E6 E7 00 0F 40 00 00 00 09 0C 07 E1 09 0E 04 15 19 08 FF 80 00 00 02 01 06 00 00 04 05 1B B4 7E 
7E A0 79 01 02 01 10 80 93 E6 E7 00 0F 40 00 00 00 09 0C 07 E1 09 0E 04 15 19 0A FF 80 00 00 02 0D 09 07 4B 46 4D 5F 30 30 31 09 10 36 39 37 30 36 33 31 34 30 31 37 35 33 39 38 35 09 08 4D 41 33 30 34 48 33 45 06 00 00 04 02 06 00 00 00 00 06 00 00 00 00 06 00 00 00 50 06 00 00 07 96 06 00 00 0C 96 06 00 00 0D 57 06 00 00 09 5F 06 00 00 00 00 06 00 00 09 66 67 73 7E 
7E A0 27 01 02 01 10 5A 87 E6 E7 00 0F 40 00 00 00 09 0C 07 E1 09 0E 04 15 19 0C FF 80 00 00 02 01 06 00 00 04 02 D2 C5 7E 
7E A0 27 01 02 01 10 5A 87 E6 E7 00 0F 40 00 00 00 09 0C 07 E1 09 0E 04 15 19 0E FF 80 00 00 02 01 06 00 00 04 04 5F A2 7E 
7E A0 27 01 02 01 10 5A 87 E6 E7 00 0F 40 00 00 00 09 0C 07 E1 09 0E 04 15 19 10 FF 80 00 00 02 01 06 00 00 04 02 90 DF 7E 
7E A0 27 01 02 01 10 5A 87 E6 E7 00 0F 40 00 00 00 09 0C 07 E1 09 0E 04 15 19 12 FF 80 00 00 02 01 06 00 00 04 01 B0 EF 7E 
7E A0 79 01 02 01 10 80 93 E6 E7 00 0F 40 00 00 00 09 0C 07 E1 09 0E 04 15 19 14 FF 80 00 00 02 0D 09 07 4B 46 4D 5F 30 30 31 09 10 36 39 37 30 36 33 31 34 30 31 37 35 33 39 38 35 09 08 4D 41 33 30 34 48 33 45 06 00 00 04 03 06 00 00 00 00 06 00 00 00 00 06 00 00 00 50 06 00 00 07 A0 06 00 00 0C 96 06 00 00 0D 5F 06 00 00 09 5D 06 00 00 00 00 06 00 00 09 65 5E 3C 7E 
7E A0 27 01 02 01 10 5A 87 E6 E7 00 0F 40 00 00 00 09 0C 07 E1 09 0E 04 15 19 16 FF 80 00 00 02 01 06 00 00 04 03 D4 C9 7E 
7E A0 27 01 02 01 10 5A 87 E6 E7 00 0F 40 00 00 00 09 0C 07 E1 09 0E 04 15 19 18 FF 80 00 00 02 01 06 00 00 04 05 C3 A1 7E 
7E A0 27 01 02 01 10 5A 87 E6 E7 00 0F 40 00 00 00 09 0C 07 E1 09 0E 04 15 19 1A FF 80 00 00 02 01 06 00 00 0A D6 7E 
DD 7E 
7E A0 27 01 02 01 10 5A 87 E6 E7 00 0F 40 00 00 00 09 0C 07 E1 09 0E 04 15 19 1C FF 80 00 00 02 01 06 00 00 0F F4 1B A6 7E 
7E A0 79 01 02 01 10 80 93 E6 E7 00 0F 40 00 00 00 09 0C 07 E1 09 0E 04 15 19 1E FF 80 00 00 02 0D 09 07 4B 46 4D 5F 30 30 31 09 10 36 39 37 30 36 33 31 34 30 31 37 35 33 39 38 35 09 08 4D 41 33 30 34 48 33 45 06 00 00 0F EB 06 00 00 00 00 06 00 00 00 00 06 00 00 00 4B 06 00 00 37 B5 06 00 00 3A 01 06 00 00 0D 60 06 00 00 09 4A 06 00 00 00 00 06 00 00 09 60 80 3E 7E 
7E A0 27 01 02 01 10 5A 87 E6 E7 00 0F 40 00 00 00 09 0C 07 E1 09 0E 04 15 19 20 FF 80 00 00 02 01 06 00 00 0F F0 CD D1 7E 
7E A0 27 01 02 01 10 5A 87 E6 E7 00 0F 40 00 00 00 09 0C 07 E1 09 0E 04 15 19 22 FF 80 00 00 02 01 06 00 00 0F ED 12 18 7E 
7E A0 27 01 02 01 10 5A 87 E6 E7 00 0F 40 00 00 00 09 0C 07 E1 09 0E 04 15 19 24 FF 80 00 00 02 01 06 00 00 0F F4 9F 92 7E 
7E A0 27 01 02 01 10 5A 87 E6 E7 00 0F 40 00 00 00 09 0C 07 E1 09 0E 04 15 19 26 FF 80 00 00 02 01 06 00 00 0F F3 9B E4 7E 
7E A0 79 01 02 01 10 80 93 E6 E7 00 0F 40 00 00 00 09 0C 07 E1 09 0E 04 15 19 28 FF 80 00 00 02 0D 09 07 4B 46 4D 5F 30 30 31 09 10 36 39 37 30 36 33 31 34 30 31 37 35 33 39 38 35 09 08 4D 41 33 30 34 48 33 45 06 00 00 0F EC 06 00 00 00 00 06 00 00 00 00 06 00 00 00 4C 06 00 00 37 AA 06 00 00 39 FB 06 00 00 0D 64 06 00 00 09 4C 06 00 00 00 00 06 00 00 09 62 8A FA 7E 
7E A0 27 01 02 01 10 5A 87 E6 E7 00 0F 40 00 00 00 09 0C 07 E1 09 0E 04 15 19 2A FF 80 00 00 02 01 06 00 00 0F ED FE 12 7E 
7E A0 27 01 02 01 10 5A 87 E6 E7 00 0F 40 00 00 00 09 0C 07 E1 09 0E 04 15 19 2C FF 80 00 00 02 01 06 00 00 0F E6 E0 AB 7E 
7E A0 27 01 02 01 10 5A 87 E6 E7 00 0F 40 00 00 00 09 0C 07 E1 09 0E 04 15 19 2E FF 80 00 00 02 01 06 00 00 0F E1 E4 DD 7E 
7E A0 27 01 02 01 10 5A 87 E6 E7 00 0F 40 00 00 00 09 0C 07 E1 09 0E 04 15 19 30 FF 80 00 00 02 01 06 00 00 0F DF E0 1D 7E 
7E A0 79 01 02 01 10 80 93 E6 E7 00 0F 40 00 00 00 09 0C 07 E1 09 0E 04 15 19 32 FF 80 00 00 02 0D 09 07 4B 46 4D 5F 30 30 31 09 10 36 39 37 30 36 33 31 34 30 31 37 35 33 39 38 35 09 08 4D 41 33 30 34 48 33 45 06 00 00 0F E1 06 00 00 00 00 06 00 00 00 00 06 00 00 00 4B 06 00 00 37 91 06 00 00 39 D9 06 00 00 0D 74 06 00 00 09 47 06 00 00 00 00 06 00 00 09 5C 0E FB 7E 
7E A0 27 01 02 01 10 5A 87 E6 E7 00 0F 40 00 00 00 09 0C 07 E1 09 0E 04 15 19 34 FF 80 00 00 02 01 06 00 00 0F E2 F0 F2 7E 
7E A0 27 01 02 01 10 5A 87 E6 E7 00 0F 40 00 00 00 09 0C 07 E1 09 0E 04 15 19 36 FF 80 00 00 02 01 06 00 00 0F E1 D0 C2 7E 
7E A0 27 01 02 01 10 5A 87 E6 E7 00 0F 40 00 00 00 09 0C 07 E1 09 0E 04 15 19 38 FF 80 00 00 02 01 06 00 00 0F E6 4E BB 7E 
7E A0 27 01 02 01 10 5A 87 E6 E7 00 0F 40 00 00 00 09 0C 07 E1 09 0E 04 15 19 3A FF 80 00 00 02 01 06 00 00 0F E4 E7 9A 7E 
7E A0 79 01 02 01 10 80 93 E6 E7 00 0F 40 00 00 00 09 0C 07 E1 09 0E 04 15 1A 00 FF 80 00 00 02 0D 09 07 4B 46 4D 5F 30 30 31 09 10 36 39 37 30 36 33 31 34 30 31 37 35 33 39 38 35 09 08 4D 41 33 30 34 48 33 45 06 00 00 0F E5 06 00 00 00 00 06 00 00 00 00 06 00 00 00 4C 06 00 00 37 97 06 00 00 39 EA 06 00 00 0D 6B 06 00 00 09 4A 06 00 00 00 00 06 00 00 09 5F 25 AC 7E 
7E A0 27 01 02 01 10 5A 87 E6 E7 00 0F 40 00 00 00 09 0C 07 E1 09 0E 04 15 1A 02 FF 80 00 00 02 01 06 00 00 0F E6 86 83 7E 
7E A0 27 01 02 01 10 5A 87 E6 E7 00 0F 40 00 00 00 09 0C 07 E1 09 0E 04 15 1A 04 FF 80 00 00 02 01 06 00 00 0F E0 7D E1 7E 
7E A0 27 01 02 01 10 5A 87 E6 E7 00 0F 40 00 00 00 09 0C 07 E1 09 0E 04 15 1A 06 FF 80 00 00 02 01 06 00 00 0F E3 5D D1 7E 
7E A0 27 01 02 01 10 5A 87 E6 E7 00 0F 40 00 00 00 09 0C 07 E1 09 0E 04 15 1A 08 FF 80 00 00 02 01 06 00 00 0F E1 6E FF 7E 
7E A0 79 01 02 01 10 80 93 E6 E7 00 0F 40 00 00 00 09 0C 07 E1 09 0E 04 15 1A 0A FF 80 00 00 02 0D 09 07 4B 46 4D 5F 30 30 31 09 10 36 39 37 30 36 33 31 34 30 31 37 35 33 39 38 35 09 08 4D 41 33 30 34 48 33 45 06 00 00 0F EC 06 00 00 00 00 06 00 00 00 00 06 00 00 00 4C 06 00 00 37 8C 06 00 00 39 F8 06 00 00 0D 8D 06 00 00 09 48 06 00 00 00 00 06 00 00 09 5D CE 5D 7E 
7E A0 27 01 02 01 10 5A 87 E6 E7 00 0F 40 00 00 00 09 0C 07 E1 09 0E 04 15 1A 0C FF 80 00 00 02 01 06 00 00 0F DE 6C 33 7E 
7E A0 27 01 02 01 10 5A 87 E6 E7 00 0F 40 00 00 00 09 0C 07 E1 09 0E 04 15 1A 0E FF 80 00 00 02 01 06 00 00 0F E2 38 CA 7E 
7E A0 27 01 02 01 10 5A 87 E6 E7 00 0F 40 00 00 00 09 0C 07 E1 09 0E 04 15 1A 10 FF 80 00 00 02 01 06 00 00 0F E0 D3 F1 7E 
7E A0 27 01 02 01 10 5A 87 E6 E7 00 0F 40 00 00 00 09 0C 07 E1 09 0E 04 15 1A 12 FF 80 00 00 02 01 06 00 00 0F E2 7A D0 7E 
7E A0 79 01 02 01 10 80 93 E6 E7 00 0F 40 00 00 00 09 0C 07 E1 09 0E 04 15 1A 14 FF 80 00 00 02 0D 09 07 4B 46 4D 5F 30 30 31 09 10 36 39 37 30 36 33 31 34 30 31 37 35 33 39 38 35 09 08 4D 41 33 30 34 48 33 45 06 00 00 0F E1 06 00 00 00 00 06 00 00 00 00 06 00 00 00 4B 06 00 00 37 8C 06 00 00 39 D9 06 00 00 0D 71 06 00 00 09 48 06 00 00 00 00 06 00 00 09 61 30 BE 7E 
7E A0 27 01 02 01 10 5A 87 E6 E7 00 0F 40 00 00 00 09 0C 07 E1 09 0E 04 15 1A 16 FF 80 00 00 02 01 06 00 00 0F E0 1E F6 7E 
7E A0 27 01 02 01 10 5A 87 E6 E7 00 0F 40 00 00 00 09 0C 07 E1 09 0E 04 15 1A 18 FF 80 00 00 02 01 06 00 00 0F E1 B6 EA 7E 
7E A0 27 01 02 01 10 5A 87 E6 E7 00 0F 40 00 00 00 09 0C 07 E1 09 0E 04 15 1A 1A FF 80 00 00 02 01 06 00 00 0F E2 96 DA 7E 
7E A0 27 01 02 01 10 5A 87 E6 E7 00 0F 40 00 00 00 09 0C 07 E1 09 0E 04 15 1A 1C FF 80 00 00 02 01 06 00 00 0F E1 C0 EF 7E 
7E A0 79 01 02 01 10 80 93 E6 E7 00 0F 40 00 00 00 09 0C 07 E1 09 0E 04 15 1A 1E FF 80 00 00 02 0D 09 07 4B 46 4D 5F 30 30 31 09 10 36 39 37 30 36 33 31 34 30 31 37 35 33 39 38 35 09 08 4D 41 33 30 34 48 33 45 06 00 00 0F E3 06 00 00 00 00 06 00 00 00 00 06 00 00 00 4B 06 00 00 37 8F 06 00 00 39 DF 06 00 00 0D 6F 06 00 00 09 48 06 00 00 00 00 06 00 00 09 5F EA 89 7E 
7E A0 27 01 02 01 10 5A 87 E6 E7 00 0F 40 00 00 00 09 0C 07 E1 09 0E 04 15 1A 20 FF 80 00 00 02 01 06 00 00 0F DF CF 06 7E 
7E A0 27 01 02 01 10 5A 87 E6 E7 00 0F 40 00 00 00 09 0C 07 E1 09 0E 04 15 1A 22 FF 80 00 00 02 01 06 00 00 0F DC EF 36 7E 
7E A0 27 01 02 01 10 5A 87 E6 E7 00 0F 40 00 00 00 09 0C 07 E1 09 0E 04 15 1A 24 FF 80 00 00 02 01 06 00 00 0F DD AB 20 7E 
7E A0 27 01 02 01 10 5A 87 E6 E7 00 0F 40 00 00 00 09 0C 07 E1 09 0E 04 15 1A 26 FF 80 00 00 02 01 06 00 00 0F D9 34 64 7E 
7E A0 79 01 02 01 10 80 93 E6 E7 00 0F 40 00 00 00 09 0C 07 E1 09 0E 04 15 1A 28 FF 80 00 00 02 0D 09 07 4B 46 4D 5F 30 30 31 09 10 36 39 37 30 36 33 31 34 30 31 37 35 33 39 38 35 09 08 4D 41 33 30 34 48 33 45 06 00 00 0F D4 06 00 00 00 00 06 00 00 00 00 06 00 00 00 4A 06 00 00 37 76 06 00 00 39 B8 06 00 00 0D 77 06 00 00 09 43 06 00 00 00 00 06 00 00 09 5B 4A 2D 7E 
7E A0 27 01 02 01 10 5A 87 E6 E7 00 0F 40 00 00 00 09 0C 07 E1 09 0E 04 15 1A 2A FF 80 00 00 02 01 06 00 00 0F CF 19 1E 7E 
7E A0 27 01 02 01 10 5A 87 E6 E7 00 0F 40 00 00 00 09 0C 07 E1 09 0E 04 15 1A 2C FF 80 00 00 02 01 06 00 00 0F D3 39 C3 7E 
7E A0 27 01 02 01 10 5A 87 E6 E7 00 0F 40 00 00 00 09 0C 07 E1 09 0E 04 15 1A 2E FF 80 00 00 02 01 06 00 00 0F D7 A6 87 7E 
7E A0 27 01 02 01 10 5A 87 E6 E7 00 0F 40 00 00 00 09 0C 07 E1 09 0E 04 15 1A 30 FF 80 00 00 02 01 06 00 00 0F D6 D6 8E 7E 
7E A0 79 01 02 01 10 80 93 E6 E7 00 0F 40 00 00 00 09 0C 07 E1 09 0E 04 15 1A 32 FF 80 00 00 02 0D 09 07 4B 46 4D 5F 30 30 31 09 10 36 39 37 30 36 33 31 34 30 31 37 35 33 39 38 35 09 08 4D 41 33 30 34 48 33 45 06 00 00 0F DB 06 00 00 00 00 06 00 00 00 00 06 00 00 00 4B 06 00 00 37 79 06 00 00 39 C9 06 00 00 0D 76 06 00 00 09 45 06 00 00 00 00 06 00 00 09 5D 18 EE 7E 
7E A0 27 01 02 01 10 5A 87 E6 E7 00 0F 40 00 00 00 09 0C 07 E1 09 0E 04 15 1A 34 FF 80 00 00 02 01 06 00 00 0F D7 29 9A 7E 
7E A0 27 01 02 01 10 5A 87 E6 E7 00 0F 40 00 00 00 09 0C 07 E1 09 0E 04 15 1A 36 FF 80 00 00 02 01 06 00 00 0F DB FE 52 7E 
7E A0 27 01 02 01 10 5A 87 E6 E7 00 0F 40 00 00 00 09 0C 07 E1 09 0E 04 15 1A 38 FF 80 00 00 02 01 06 00 00 0F DC 60 2B 7E 
7E A0 27 01 02 01 10 5A 87 E6 E7 00 0F 40 00 00 00 09 0C 07 E1 09 0E 04 15 1A 3A FF 80 00 00 02 01 06 00 00 0F F5 18 95 7E 
7E A0 79 01 02 01 10 80 93 E6 E7 00 0F 40 00 00 00 09 0C 07 E1 09 0E 04 15 1B 00 FF 80 00 00 02 0D 09 07 4B 46 4D 5F 30 30 31 09 10 36 39 37 30 36 33 31 34 30 31 37 35 33 39 38 35 09 08 4D 41 33 30 34 48 33 45 06 00 00 10 00 06 00 00 00 00 06 00 00 00 00 06 00 00 00 42 06 00 00 37 C0 06 00 00 39 D1 06 00 00 0D F2 06 00 00 09 46 06 00 00 00 00 06 00 00 09 5E 08 07 7E 
7E A0 27 01 02 01 10 5A 87 E6 E7 00 0F 40 00 00 00 09 0C 07 E1 09 0E 04 15 1B 02 FF 80 00 00 02 01 06 00 00 0F F0 9C F3 7E 
7E A0 27 01 02 01 10 5A 87 E6 E7 00 0F 40 00 00 00 09 0C 07 E1 09 0E 04 15 1B 04 FF 80 00 00 02 01 06 00 00 0F EA 8A 4B 7E 
7E A0 27 01 02 01 10 5A 87 E6 E7 00 0F 40 00 00 00 09 0C 07 E1 09 0E 04 15 1B 06 FF 80 00 00 02 01 06 00 00 0F E7 D4 92 7E 
7E A0 27 01 02 01 10 5A 87 E6 E7 00 0F 40 00 00 00 09 0C 07 E1 09 0E 04 15 1B 08 FF 80 00 00 02 01 06 00 00 0F E5 E7 BC 7E 
7E A0 79 01 02 01 10 80 93 E6 E7 00 0F 40 00 00 00 09 0C 07 E1 09 0E 04 15 1B 0A FF 80 00 00 02 0D 09 07 4B 46 4D 5F 30 30 31 09 10 36 39 37 30 36 33 31 34 30 31 37 35 33 39 38 35 09 08 4D 41 33 30 34 48 33 45 06 00 00 0F E5 06 00 00 00 00 06 00 00 00 00 06 00 00 00 4B 06 00 00 37 90 06 00 00 39 DF 06 00 00 0D 72 06 00 00 09 48 06 00 00 00 00 06 00 00 09 61 52 09 7E 
7E A0 27 01 02 01 10 5A 87 E6 E7 00 0F 40 00 00 00 09 0C 07 E1 09 0E 04 15 1B 0C FF 80 00 00 02 01 06 00 00 0F F9 7C 63 7E 
7E A0 27 01 02 01 10 5A 87 E6 E7 00 0F 40 00 00 00 09 0C 07 E1 09 0E 04 15 1B 0E FF 80 00 00 02 01 06 00 00 0F E1 0E FD 7E 
7E A0 27 01 02 01 10 5A 87 E6 E7 00 0F 40 00 00 00 09 0C 07 E1 09 0E 04 15 1B 10 FF 80 00 00 02 01 06 00 00 0F DA A7 6A 7E 
7E A0 27 01 02 01 10 5A 87 E6 E7 00 0F 40 00 00 00 09 0C 07 E1 09 0E 04 15 1B 12 FF 80 00 00 02 01 06 00 00 0F D6 70 A2 7E 
7E A0 79 01 02 01 10 80 93 E6 E7 00 0F 40 00 00 00 09 0C 07 E1 09 0E 04 15 1B 14 FF 80 00 00 02 0D 09 07 4B 46 4D 5F 30 30 31 09 10 36 39 37 30 36 33 31 34 30 31 37 35 33 39 38 35 09 08 4D 41 33 30 34 48 33 45 06 00 00 0F DF 06 00 00 00 00 06 00 00 00 00 06 00 00 00 4C 06 00 00 37 80 06 00 00 39 CB 06 00 00 0D 8E 06 00 00 09 44 06 00 00 00 00 06 00 00 09 5B 48 E6 7E 
7E A0 27 01 02 01 10 5A 87 E6 E7 00 0F 40 00 00 00 09 0C 07 E1 09 0E 04 15 1B 16 FF 80 00 00 02 01 06 00 00 0F D8 78 4E 7E 
7E A0 27 01 02 01 10 5A 87 E6 E7 00 0F 40 00 00 00 09 0C 07 E1 09 0E 04 15 1B 18 FF 80 00 00 02 01 06 00 00 0F D2 03 EC 7E 
7E A0 27 01 02 01 10 5A 87 E6 E7 00 0F 40 00 00 00 09 0C 07 E1 09 0E 04 15 1B 1A FF 80 00 00 02 01 06 00 00 0F D3 31 FF 7E 
7E A0 27 01 02 01 10 5A 87 E6 E7 00 0F 40 00 00 00 09 0C 07 E1 09 0E 04 15 1B 1C FF 80 00 00 02 01 06 00 00 0F D2 75 E9 7E 
7E A0 79 01 02 01 10 80 93 E6 E7 00 0F 40 00 00 00 09 0C 07 E1 09 0E 04 15 1B 1E FF 80 00 00 02 0D 09 07 4B 46 4D 5F 30 30 31 09 10 36 39 37 30 36 33 31 34 30 31 37 35 33 39 38 35 09 08 4D 41 33 30 34 48 33 45 06 00 00 0F D1 06 00 00 00 00 06 00 00 00 00 06 00 00 00 4B 06 00 00 37 6D 06 00 00 39 BE 06 00 00 0D 6F 06 00 00 09 43 06 00 00 00 00 06 00 00 09 5B 06 B0 7E 
7E A0 27 01 02 01 10 5A 87 E6 E7 00 0F 40 00 00 00 09 0C 07 E1 09 0E 04 15 1B 20 FF 80 00 00 02 01 06 00 00 0F D5 38 AC 7E 
7E A0 27 01 02 01 10 5A 87 E6 E7 00 0F 40 00 00 00 09 0C 07 E1 09 0E 04 15 1B 22 FF 80 00 00 02 01 06 00 00 0F D7 91 8D 7E 
7E A0 27 01 02 01 10 5A 87 E6 E7 00 0F 40 00 00 00 09 0C 07 E1 09 0E 04 15 1B 24 FF 80 00 00 02 01 06 00 00 0F E5 CD 98 7E 
7E A0 27 01 02 01 10 5A 87 E6 E7 00 0F 40 00 00 00 09 0C 07 E1 09 0E 04 15 1B 26 FF 80 00 00 02 01 06 00 00 0F E5 76 9A 7E 
7E A0 79 01 02 01 10 80 93 E6 E7 00 0F 40 00 00 00 09 0C 07 E1 09 0E 04 15 1B 28 FF 80 00 00 02 0D 09 07 4B 46 4D 5F 30 30 31 09 10 36 39 37 30 36 33 31 34 30 31 37 35 33 39 38 35 09 08 4D 41 33 30 34 48 33 45 06 00 00 0F E8 06 00 00 00 00 06 00 00 00 00 06 00 00 00 49 06 00 00 37 92 06 00 00 39 DE 06 00 00 0D 85 06 00 00 09 48 06 00 00 00 00 06 00 00 09 5F 91 44 7E 
7E A0 27 01 02 01 10 5A 87 E6 E7 00 0F 40 00 00 00 09 0C 07 E1 09 0E 04 15 1B 2A FF 80 00 00 02 01 06 00 00 0F E8 09 4E 7E 
7E A0 27 01 02 01 10 5A 87 E6 E7 00 0F 40 00 00 00 09 0C 07 E1 09 0E 04 15 1B 2C FF 80 00 00 02 01 06 00 00 0F EC E0 0F 7E 
7E A0 27 01 02 01 10 5A 87 E6 E7 00 0F 40 00 00 00 09 0C 07 E1 09 0E 04 15 1B 2E FF 80 00 00 02 01 06 00 00 0F E9 F6 5A 7E 
7E A0 27 01 02 01 10 5A 87 E6 E7 00 0F 40 00 00 00 09 0C 07 E1 09 0E 04 15 1B 30 FF 80 00 00 02 01 06 00 00 0F E5 63 88 7E 
7E A0 79 01 02 01 10 80 93 E6 E7 00 0F 40 00 00 00 09 0C 07 E1 09 0E 04 15 1B 32 FF 80 00 00 02 0D 09 07 4B 46 4D 5F 30 30 31 09 10 36 39 37 30 36 33 31 34 30 31 37 35 33 39 38 35 09 08 4D 41 33 30 34 48 33 45 06 00 00 0F E4 06 00 00 00 00 06 00 00 00 00 06 00 00 00 49 06 00 00 37 90 06 00 00 39 D1 06 00 00 0D 81 06 00 00 09 47 06 00 00 00 00 06 00 00 09 5D 35 68 7E 
7E A0 27 01 02 01 10 5A 87 E6 E7 00 0F 40 00 00 00 09 0C 07 E1 09 0E 04 15 1B 34 FF 80 00 00 02 01 06 00 00 0F DB E8 55 7E 
7E A0 27 01 02 01 10 5A 87 E6 E7 00 0F 40 00 00 00 09 0C 07 E1 09 0E 04 15 1B 36 FF 80 00 00 02 01 06 00 00 0F E7 BC AC 7E 
7E A0 27 01 02 01 10 5A 87 E6 E7 00 0F 40 00 00 00 09 0C 07 E1 09 0E 04 15 1B 38 FF 80 00 00 02 01 06 00 00 0F E2 30 F6 7E 
7E A0 27 01 02 01 10 5A 87 E6 E7 00 0F 40 00 00 00 09 0C 07 E1 09 0E 04 15 1B 3A FF 80 00 00 02 01 06 00 00 0F DF ED 1E 7E 
7E A0 79 01 02 01 10 80 93 E6 E7 00 0F 40 00 00 00 09 0C 07 E1 09 0E 04 15 1C 00 FF 80 00 00 02 0D 09 07 4B 46 4D 5F 30 30 31 09 10 36 39 37 30 36 33 31 34 30 31 37 35 33 39 38 35 09 08 4D 41 33 30 34 48 33 45 06 00 00 0F DB 06 00 00 00 00 06 00 00 00 00 06 00 00 00 4C 06 00 00 37 7E 
06 00 00 39 D1 06 00 00 0D 71 06 00 00 09 46 06 00 00 00 00 06 00 00 09 5E B2 82 7E 
7E A0 27 01 02 01 10 5A 87 E6 E7 00 0F 40 00 00 00 09 0C 07 E1 09 0E 04 15 1C 02 FF 80 00 00 02 01 06 00 00 0F E7 E1 8F 7E 
7E A0 27 01 02 01 10 5A 87 E6 E7 00 0F 40 00 00 00 09 0C 07 E1 09 0E 04 15 1C 04 FF 80 00 00 02 01 06 00 00 04 0A 6F 50 7E 
7E A0 27 01 02 01 10 5A 87 E6 E7 00 0F 40 00 00 00 09 0C 07 E1 09 0E 04 15 1C 06 FF 80 00 00 02 01 06 00 00 04 0A D4 52 7E 
7E A0 27 01 02 01 10 5A 87 E6 E7 00 0F 40 00 00 00 09 0C 07 E1 09 0E 04 15 1C 08 FF 80 00 00 02 01 06 00 00 04 0D 4A 2B 7E 
7E A0 79 01 02 01 10 80 93 E6 E7 00 0F 40 00 00 00 09 0C 07 E1 09 0E 04 15 1C 0A FF 80 00 00 02 0D 09 07 4B 46 4D 5F 30 30 31 09 10 36 39 37 30 36 33 31 34 30 31 37 35 33 39 38 35 09 08 4D 41 33 30 34 48 33 45 06 00 00 04 06 06 00 00 00 00 06 00 00 00 00 06 00 00 00 50 06 00 00 07 98 06 00 00 0C A0 06 00 00 0D 62 06 00 00 09 5D 06 00 00 00 00 06 00 00 09 65 1F 3A 7E 
7E A0 27 01 02 01 10 5A 87 E6 E7 00 0F 40 00 00 00 09 0C 07 E1 09 0E 04 15 1C 0C FF 80 00 00 02 01 06 00 00 04 05 74 A2 7E 
7E A0 27 01 02 01 10 5A 87 E6 E7 00 0F 40 00 00 00 09 0C 07 E1 09 0E 04 15 1C 0E FF 80 00 00 02 01 06 00 00 04 08 2A 7B 7E 
7E A0 27 01 02 01 10 5A 87 E6 E7 00 0F 40 00 00 00 09 0C 07 E1 09 0E 04 15 1C 10 FF 80 00 00 02 01 06 00 00 04 06 AD 8A 7E 
7E A0 27 01 02 01 10 5A 87 E6 E7 00 0F 40 00 00 00 09 0C 07 E1 09 0E 04 15 1C 12 FF 80 00 00 02 01 06 00 00 04 07 9F 99 7E 
7E A0 79 01 02 01 10 80 93 E6 E7 00 0F 40 00 00 00 09 0C 07 E1 09 0E 04 15 1C 14 FF 80 00 00 02 0D 09 07 4B 46 4D 5F 30 30 31 09 10 36 39 37 30 36 33 31 34 30 31 37 35 33 39 38 35 09 08 4D 41 33 30 34 48 33 45 06 00 00 04 08 06 00 00 00 00 06 00 00 00 00 06 00 00 00 4E 06 00 00 07 A4 06 00 00 0C A0 06 00 00 0D 70 06 00 00 09 59 06 00 00 00 00 06 00 00 09 61 61 92 7E 
7E A0 27 01 02 01 10 5A 87 E6 E7 00 0F 40 00 00 00 09 0C 07 E1 09 0E 04 15 1C 16 FF 80 00 00 02 01 06 00 00 04 06 60 8D 7E 
7E A0 27 01 02 01 10 5A 87 E6 E7 00 0F 40 00 00 00 09 0C 07 E1 09 0E 04 15 1C 18 FF 80 00 00 02 01 06 00 00 04 04 53 A3 7E 
7E A0 27 01 02 01 10 5A 87 E6 E7 00 0F 40 00 00 00 09 0C 07 E1 09 0E 04 15 1C 1A FF 80 00 00 02 01 06 00 00 04 05 61 B0 7E 
7E A0 27 01 02 01 10 5A 87 E6 E7 00 0F 40 00 00 00 09 0C 07 E1 09 0E 04 15 1C 1C FF 80 00 00 02 01 06 00 00 04 05 AC B7 7E 
7E A0 79 01 02 01 10 80 93 E6 E7 00 0F 40 00 00 00 09 0C 07 E1 09 0E 04 15 1C 1E FF 80 00 00 02 0D 09 07 4B 46 4D 5F 30 30 31 09 10 36 39 37 30 36 33 31 34 30 31 37 35 33 39 38 35 09 08 4D 41 33 30 34 48 33 45 06 00 00 04 0B 06 00 00 00 00 06 00 00 00 00 06 00 00 00 4E 06 00 00 07 A1 06 00 00 0C A8 06 00 00 0D 74 06 00 00 09 5C 06 00 00 00 00 06 00 00 09 66 FD D7 7E 
7E A0 27 01 02 01 10 5A 87 E6 E7 00 0F 40 00 00 00 09 0C 07 E1 09 0E 04 15 1C 20 FF 80 00 00 02 01 06 00 00 04 0B 20 6F 7E 
7E A0 27 01 02 01 10 5A 87 E6 E7 00 0F 40 00 00 00 09 0C 07 E1 09 0E 04 15 1C 22 FF 80 00 00 02 01 06 00 00 04 08 00 5F 7E 
7E A0 27 01 02 01 10 5A 87 E6 E7 00 0F 40 00 00 00 09 0C 07 E1 09 0E 04 15 1C 24 FF 80 00 00 02 01 06 00 00 04 0A DF 7B 7E 
7E A0 27 01 02 01 10 5A 87 E6 E7 00 0F 40 00 00 00 09 0C 07 E1 09 0E 04 15 1C 26 FF 80 00 00 02 01 06 00 00 04 08 76 5A 7E 
7E A0 79 01 02 01 10 80 93 E6 E7 00 0F 40 00 00 00 09 0C 07 E1 09 0E 04 15 1C 28 FF 80 00 00 02 0D 09 07 4B 46 4D 5F 30 30 31 09 10 36 39 37 30 36 33 31 34 30 31 37 35 33 39 38 35 09 08 4D 41 33 30 34 48 33 45 06 00 00 04 08 06 00 00 00 00 06 00 00 00 00 06 00 00 00 4F 06 00 00 07 9C 06 00 00 0C A1 06 00 00 0D 68 06 00 00 09 5F 06 00 00 00 00 06 00 00 09 65 CF 6F 7E 
7E A0 27 01 02 01 10 5A 87 E6 E7 00 0F 40 00 00 00 09 0C 07 E1 09 0E 04 15 1C 2A FF 80 00 00 02 01 06 00 00 04 08 EC 55 7E 
7E A0 27 01 02 01 10 5A 87 E6 E7 00 0F 40 00 00 00 09 0C 07 E1 09 0E 04 15 1C 2C FF 80 00 00 02 01 06 00 00 04 08 21 52 7E 
7E A0 27 01 02 01 10 5A 87 E6 E7 00 0F 40 00 00 00 09 0C 07 E1 09 0E 04 15 1C 2E FF 80 00 00 02 01 06 00 00 04 06 E4 B9 7E 
7E A0 27 01 02 01 10 5A 87 E6 E7 00 0F 40 00 00 00 09 0C 07 E1 09 0E 04 15 1C 30 FF 80 00 00 02 01 06 00 00 04 07 94 B0 7E 
7E A0 79 01 02 01 10 80 93 E6 E7 00 0F 40 00 00 00 09 0C 07 E1 09 0E 04 15 1C 32 FF 80 00 00 02 0D 09 07 4B 46 4D 5F 30 30 31 09 10 36 39 37 30 36 33 31 34 30 31 37 35 33 39 38 35 09 08 4D 41 33 30 34 48 33 45 06 00 00 04 0A 06 00 00 00 00 06 00 00 00 00 06 00 00 00 4E 06 00 00 07 9F 06 00 00 0C A3 06 00 00 0D 70 06 00 00 09 5C 06 00 00 00 00 06 00 00 09 65 72 6A 7E 
7E A0 27 01 02 01 10 5A 87 E6 E7 00 0F 40 00 00 00 09 0C 07 E1 09 0E 04 15 1C 34 FF 80 00 00 02 01 06 00 00 04 06 6B A4 7E 
7E A0 27 01 02 01 10 5A 87 E6 E7 00 0F 40 00 00 00 09 0C 07 E1 09 0E 04 15 1C 36 FF 80 00 00 02 01 06 00 00 04 07 59 B7 7E 
7E A0 27 01 02 01 10 5A 87 E6 E7 00 0F 40 00 00 00 09 0C 07 E1 09 0E 04 15 1C 38 FF 80 00 00 02 01 06 00 00 04 0C AB 04 7E 
7E A0 27 01 02 01 10 5A 87 E6 E7 00 0F 40 00 00 00 09 0C 07 E1 09 0E 04 15 1C 3A FF 80 00 00 02 01 06 00 00 04 0A 26 63 7E 
7E A0 79 01 02 01 10 80 93 E6 E7 00 0F 40 00 00 00 09 0C 07 E1 09 0E 04 15 1D 00 FF 80 00 00 02 0D 09 07 4B 46 4D 5F 30 30 31 09 10 36 39 37 30 36 33 31 34 30 31 37 35 33 39 38 35 09 08 4D 41 33 30 34 48 33 45 06 00 00 04 08 06 00 00 00 00 06 00 00 00 00 06 00 00 00 4D 06 00 00 07 AA 06 00 00 0C 96 06 00 00 0D 6C 06 00 00 09 5D 06 00 00 00 00 06 00 00 09 65 8E 58 7E 
7E A0 27 01 02 01 10 5A 87 E6 E7 00 0F 40 00 00 00 09 0C 07 E1 09 0E 04 15 1D 02 FF 80 00 00 02 01 06 00 00 04 07 EA 89 7E 
7E A0 27 01 02 01 10 5A 87 E6 E7 00 0F 40 00 00 00 09 0C 07 E1 09 0E 04 15 1D 04 FF 80 00 00 02 01 06 00 00 04 11 90 FB 7E 
7E A0 27 01 02 01 10 5A 87 E6 E7 00 0F 40 00 00 00 09 0C 07 E1 09 0E 04 15 1D 06 FF 80 00 00 02 01 06 00 00 04 05 8E AF 7E 
7E A0 27 01 02 01 10 5A 87 E6 E7 00 0F 40 00 00 00 09 0C 07 E1 09 0E 04 15 1D 08 FF 80 00 00 02 01 06 00 00 04 10 83 E5 7E 
7E A0 79 01 02 01 10 80 93 E6 E7 00 0F 40 00 00 00 09 0C 07 E1 09 0E 04 15 1D 0A FF 80 00 00 02 0D 09 07 4B 46 4D 5F 30 30 31 09 10 36 39 37 30 36 33 31 34 30 31 37 35 33 39 38 35 09 08 4D 41 33 30 34 48 33 45 06 00 00 04 05 06 00 00 00 00 06 00 00 00 00 06 00 00 00 4F 06 00 00 07 95 06 00 00 0C A2 06 00 00 0D 62 06 00 00 09 5D 06 00 00 00 00 06 00 00 09 65 30 07 7E 
7E A0 27 01 02 01 10 5A 87 E6 E7 00 0F 40 00 00 00 09 0C 07 E1 09 0E 04 15 1D 0C FF 80 00 00 02 01 06 00 00 04 0B A7 4E 7E 
7E A0 27 01 02 01 10 5A 87 E6 E7 00 0F 40 00 00 00 09 0C 07 E1 09 0E 04 15 1D 0E FF 80 00 00 02 01 06 00 00 04 08 87 7E 
7E 7E 
A0 27 01 02 01 10 5A 87 E6 E7 00 0F 40 00 00 00 09 0C 07 E1 09 0E 04 15 1D 10 FF 80 00 00 02 01 06 00 00 04 05 9B BD 7E 
7E A0 27 01 02 01 10 5A 87 E6 E7 00 0F 40 00 00 00 09 0C 07 E1 09 0E 04 15 1D 12 FF 80 00 00 02 01 06 00 00 04 06 BB 8D 7E 
7E A0 79 01 02 01 10 80 93 E6 E7 00 0F 40 00 00 00 09 0C 07 E1 09 0E 04 15 1D 14 FF 80 00 00 02 0D 09 07 4B 46 4D 5F 30 30 31 09 10 36 39 37 30 36 33 31 34 30 31 37 35 33 39 38 35 09 08 4D 41 33 30 34 48 33 45 06 00 00 04 07 06 00 00 00 00 06 00 00 00 00 06 00 00 00 4E 06 00 00 07 9B 06 00 00 0C A4 06 00 00 0D 68 06 00 00 09 5E 06 00 00 00 00 06 00 00 09 66 ED 6A 7E 
7E A0 27 01 02 01 10 5A 87 E6 E7 00 0F 40 00 00 00 09 0C 07 E1 09 0E 04 15 1D 16 FF 80 00 00 02 01 06 00 00 04 06 CD 88 7E 
7E A0 27 01 02 01 10 5A 87 E6 E7 00 0F 40 00 00 00 09 0C 07 E1 09 0E 04 15 1D 18 FF 80 00 00 02 01 06 00 00 04 07 65 94 7E 
7E A0 27 01 02 01 10 5A 87 E6 E7 00 0F 40 00 00 00 09 0C 07 E1 09 0E 04 15 1D 1A FF 80 00 00 02 01 06 00 00 04 08 29 6E 7E 
7E A0 27 01 02 01 10 5A 87 E6 E7 00 0F 40 00 00 00 09 0C 07 E1 09 0E 04 15 1D 1C FF 80 00 00 02 01 06 00 00 04 05 01 B2 7E 
7E A0 79 01 02 01 10 80 93 E6 E7 00 0F 40 00 00 00 09 0C 07 E1 09 0E 04 15 1D 1E FF 80 00 00 02 0D 09 07 4B 46 4D 5F 30 30 31 09 10 36 39 37 30 36 33 31 34 30 31 37 35 33 39 38 35 09 08 4D 41 33 30 34 48 33 45 06 00 00 04 06 06 00 00 00 00 06 00 00 00 00 06 00 00 00 4E 06 00 00 07 98 06 00 00 0C A2 06 00 00 0D 64 06 00 00 09 5F 06 00 00 00 00 06 00 00 09 67 D0 ED 7E 
7E A0 27 01 02 01 10 5A 87 E6 E7 00 0F 40 00 00 00 09 0C 07 E1 09 0E 04 15 1D 20 FF 80 00 00 02 01 06 00 00 04 09 9F 49 7E 
7E A0 27 01 02 01 10 5A 87 E6 E7 00 0F 40 00 00 00 09 0C 07 E1 09 0E 04 15 1D 22 FF 80 00 00 02 01 06 00 00 04 06 D3 B3 7E 
7E A0 27 01 02 01 10 5A 87 E6 E7 00 0F 40 00 00 00 09 0C 07 E1 09 0E 04 15 1D 24 FF 80 00 00 02 01 06 00 00 04 06 1E B4 7E 
7E A0 27 01 02 01 10 5A 87 E6 E7 00 0F 40 00 00 00 09 0C 07 E1 09 0E 04 15 1D 26 FF 80 00 00 02 01 06 00 00 04 07 2C A7 7E 
7E A0 79 01 02 01 10 80 93 E6 E7 00 0F 40 00 00 00 09 0C 07 E1 09 0E 04 15 1D 28 FF 80 00 00 02 0D 09 07 4B 46 4D 5F 30 30 31 09 10 36 39 37 30 36 33 31 34 30 31 37 35 33 39 38 35 09 08 4D 41 33 30 34 48 33 45 06 00 00 04 09 06 00 00 00 00 06 00 00 00 00 06 00 00 00 4E 06 00 00 07 9C 06 00 00 0C A7 06 00 00 0D 6D 06 00 00 09 5F 06 00 00 00 00 06 00 00 09 69 86 EB 7E 
7E A0 27 01 02 01 10 5A 87 E6 E7 00 0F 40 00 00 00 09 0C 07 E1 09 0E 04 15 1D 2A FF 80 00 00 02 01 06 00 00 04 07 B6 A8 7E 
7E A0 27 01 02 01 10 5A 87 E6 E7 00 0F 40 00 00 00 09 0C 07 E1 09 0E 04 15 1D 2C FF 80 00 00 02 01 06 00 00 04 16 73 AE 7E 
7E A0 27 01 02 01 10 5A 87 E6 E7 00 0F 40 00 00 00 09 0C 07 E1 09 0E 04 15 1D 2E FF 80 00 00 02 01 06 00 00 04 07 C0 AD 7E 
7E A0 27 01 02 01 10 5A 87 E6 E7 00 0F 40 00 00 00 09 0C 07 E1 09 0E 04 15 1D 30 FF 80 00 00 02 01 06 00 00 04 08 CE 4D 7E 
7E A0 79 01 02 01 10 80 93 E6 E7 00 0F 40 00 00 00 09 0C 07 E1 09 0E 04 15 1D 32 FF 80 00 00 02 0D 09 07 4B 46 4D 5F 30 30 31 09 10 36 39 37 30 36 33 31 34 30 31 37 35 33 39 38 35 09 08 4D 41 33 30 34 48 33 45 06 00 00 04 09 06 00 00 00 00 06 00 00 00 00 06 00 00 00 4E 06 00 00 07 A2 06 00 00 0C A5 06 00 00 0D 70 06 00 00 09 5D 06 00 00 00 00 06 00 00 09 65 DD 68 7E 
7E A0 27 01 02 01 10 5A 87 E6 E7 00 0F 40 00 00 00 09 0C 07 E1 09 0E 04 15 1D 34 FF 80 00 00 02 01 06 00 00 04 07 4F B0 7E 
7E A0 27 01 02 01 10 5A 87 E6 E7 00 0F 40 00 00 00 09 0C 07 E1 09 0E 04 15 1D 36 FF 80 00 00 02 01 06 00 00 04 09 8A 5B 7E 
7E A0 27 01 02 01 10 5A 87 E6 E7 00 0F 40 00 00 00 09 0C 07 E1 09 0E 04 15 1D 38 FF 80 00 00 02 01 06 00 00 04 0D 8F 10 7E 
7E A0 27 01 02 01 10 5A 87 E6 E7 00 0F 40 00 00 00 09 0C 07 E1 09 0E 04 15 1D 3A FF 80 00 00 02 01 06 00 00 04 09 10 54 7E 
7E A0 79 01 02 01 10 80 93 E6 E7 00 0F 40 00 00 00 09 0C 07 E1 09 0E 04 15 1E 00 FF 80 00 00 02 0D 09 07 4B 46 4D 5F 30 30 31 09 10 36 39 37 30 36 33 31 34 30 31 37 35 33 39 38 35 09 08 4D 41 33 30 34 48 33 45 06 00 00 04 0C 06 00 00 00 00 06 00 00 00 00 06 00 00 00 4D 06 00 00 07 B9 06 00 00 0C AD 06 00 00 0D 74 06 00 00 09 60 06 00 00 00 00 06 00 00 09 69 FF EA 7E 
7E A0 27 01 02 01 10 5A 87 E6 E7 00 0F 40 00 00 00 09 0C 07 E1 09 0E 04 15 1E 02 FF 80 00 00 02 01 06 00 00 04 08 EA 7F 7E 
7E A0 27 01 02 01 10 5A 87 E6 E7 00 0F 40 00 00 00 09 0C 07 E1 09 0E 04 15 1E 04 FF 80 00 00 02 01 06 00 00 04 08 27 78 7E 
7E A0 27 01 02 01 10 5A 87 E6 E7 00 0F 40 00 00 00 09 0C 07 E1 09 0E 04 15 1E 06 FF 80 00 00 02 01 06 00 00 04 08 9C 7A 7E 
7E A0 27 01 02 01 10 5A 87 E6 E7 00 0F 40 00 00 00 09 0C 07 E1 09 0E 04 15 1E 08 FF 80 00 00 02 01 06 00 00 04 0B 26 45 7E 
7E A0 79 01 02 01 10 80 93 E6 E7 00 0F 40 00 00 00 09 0C 07 E1 09 0E 04 15 1E 0A FF 80 00 00 02 0D 09 07 4B 46 4D 5F 30 30 31 09 10 36 39 37 30 36 33 31 34 30 31 37 35 33 39 38 35 09 08 4D 41 33 30 34 48 33 45 06 00 00 04 08 06 00 00 00 00 06 00 00 00 00 06 00 00 00 4D 06 00 00 07 A3 06 00 00 0C 9E 06 00 00 0D 6A 06 00 00 09 5E 06 00 00 00 00 06 00 00 09 67 60 76 7E 
7E A0 27 01 02 01 10 5A 87 E6 E7 00 0F 40 00 00 00 09 0C 07 E1 09 0E 04 15 1E 0C FF 80 00 00 02 01 06 00 00 04 07 3C 8A 7E 
7E A0 27 01 02 01 10 5A 87 E6 E7 00 0F 40 00 00 00 09 0C 07 E1 09 0E 04 15 1E 0E FF 80 00 00 02 01 06 00 00 04 0D DD 27 7E 
7E A0 27 01 02 01 10 5A 87 E6 E7 00 0F 40 00 00 00 09 0C 07 E1 09 0E 04 15 1E 10 FF 80 00 00 02 01 06 00 00 04 08 89 68 7E 
7E A0 27 01 02 01 10 5A 87 E6 E7 00 0F 40 00 00 00 09 0C 07 E1 09 0E 04 15 1E 12 FF 80 00 00 02 01 06 00 00 04 07 C5 92 7E 
7E A0 79 01 02 01 10 80 93 E6 E7 00 0F 40 00 00 00 09 0C 07 E1 09 0E 04 15 1E 14 FF 80 00 00 02 0D 09 07 4B 46 4D 5F 30 30 31 09 10 36 39 37 30 36 33 31 34 30 31 37 35 33 39 38 35 09 08 4D 41 33 30 34 48 33 45 06 00 00 04 0B 06 00 00 00 00 06 00 00 00 00 06 00 00 00 4D 06 00 00 07 AA 06 00 00 0C A4 06 00 00 0D 77 06 00 00 09 60 06 00 00 00 00 06 00 00 09 67 58 FB 7E 
7E A0 27 01 02 01 10 5A 87 E6 E7 00 0F 40 00 00 00 09 0C 07 E1 09 0E 04 15 1E 16 FF 80 00 00 02 01 06 00 00 04 07 B3 97 7E 
7E A0 27 01 02 01 10 5A 87 E6 E7 00 0F 40 00 00 00 09 0C 07 E1 09 0E 04 15 1E 18 FF 80 00 00 02 01 06 00 00 04 0B FE 50 7E 
7E A0 27 01 02 01 10 5A 87 E6 E7 00 0F 40 00 00 00 09 0C 07 E1 09 0E 04 15 1E 1A FF 80 00 00 02 01 06 00 00 04 08 DE 60 7E 
7E A0 27 01 02 01 10 5A 87 E6 E7 00 0F 40 00 00 00 09 0C 07 E1 09 0E 04 15 1E 1C FF 80 00 00 02 01 06 00 00 04 05 F6 BC 7E 
7E A0 79 01 02 01 10 80 93 E6 E7 00 0F 40 00 00 00 09 0C 07 E1 09 0E 04 15 1E 1E FF 80 00 00 02 0D 09 07 4B 46 4D 5F 30 30 31 09 10 36 39 37 30 36 33 31 34 30 31 37 35 33 39 38 35 09 08 4D 41 33 30 34 48 33 45 06 00 00 04 09 06 00 00 00 00 06 00 00 00 00 06 00 00 00 4E 06 00 00 07 A6 06 00 00 0C A6 06 00 00 0D 74 06 00 00 09 5D 06 00 00 00 00 06 00 00 09 65 7B F6 7E 
7E A0 27 01 02 01 10 5A 87 E6 E7 00 0F 40 00 00 00 09 0C 07 E1 09 0E 04 15 1E 20 FF 80 00 00 02 01 06 00 00 04 0E D7 33 7E 
7E A0 27 01 02 01 10 5A 87 E6 E7 00 0F 40 00 00 00 09 0C 07 E1 09 0E 04 15 1E 22 FF 80 00 00 02 01 06 00 00 04 0B C1 66 7E 
7E A0 27 01 02 01 10 5A 87 E6 E7 00 0F 40 00 00 00 09 0C 07 E1 09 0E 04 15 1E 24 FF 80 00 00 02 01 06 00 00 04 10 5E CF 7E 
7E A0 27 01 02 01 10 5A 87 E6 E7 00 0F 40 00 00 00 09 0C 07 E1 09 0E 04 15 1E 26 FF 80 00 00 02 01 06 00 00 04 0A 3E 72 7E 
7E A0 79 01 02 01 10 80 93 E6 E7 00 0F 40 00 00 00 09 0C 07 E1 09 0E 04 15 1E 28 FF 80 00 00 02 0D 09 07 4B 46 4D 5F 30 30 31 09 10 36 39 37 30 36 33 31 34 30 31 37 35 33 39 38 35 09 08 4D 41 33 30 34 48 33 45 06 00 00 04 0C 06 00 00 00 00 06 00 00 00 00 06 00 00 00 4D 06 00 00 07 BB 06 00 00 0C A9 06 00 00 0D 82 06 00 00 09 5E 06 00 00 00 00 06 00 00 09 66 55 9A 7E 
7E A0 27 01 02 01 10 5A 87 E6 E7 00 0F 40 00 00 00 09 0C 07 E1 09 0E 04 15 1E 2A FF 80 00 00 02 01 06 00 00 04 0A A4 7D 7E 
7E A0 27 01 02 01 10 5A 87 E6 E7 00 0F 40 00 00 00 09 0C 07 E1 09 0E 04 15 1E 2C FF 80 00 00 02 01 06 00 00 04 0A 69 7A 7E 
7E A0 27 01 02 01 10 5A 87 E6 E7 00 0F 40 00 00 00 09 0C 07 E1 09 0E 04 15 1E 2E FF 80 00 00 02 01 06 00 00 04 09 49 4A 7E 
7E A0 27 01 02 01 10 5A 87 E6 E7 00 0F 40 00 00 00 09 0C 07 E1 09 0E 04 15 1E 30 FF 80 00 00 02 01 06 00 00 04 15 5D 88 7E 
7E A0 79 01 02 01 10 80 93 E6 E7 00 0F 40 00 00 00 09 0C 07 E1 09 0E 04 15 1E 32 FF 80 00 00 02 0D 09 07 4B 46 4D 5F 30 30 31 09 10 36 39 37 30 36 33 31 34 30 31 37 35 33 39 38 35 09 08 4D 41 33 30 34 48 33 45 06 00 00 04 0E 06 00 00 00 00 06 00 00 00 00 06 00 00 00 4E 06 00 00 07 C2 06 00 00 0C A9 06 00 00 0D 87 06 00 00 09 61 06 00 00 00 00 06 00 00 09 68 39 65 7E 
7E A0 27 01 02 01 10 5A 87 E6 E7 00 0F 40 00 00 00 09 0C 07 E1 09 0E 04 15 1E 34 FF 80 00 00 02 01 06 00 00 04 09 C6 57 7E 
7E A0 27 01 02 01 10 5A 87 E6 E7 00 0F 40 00 00 00 09 0C 07 E1 09 0E 04 15 1E 36 FF 80 00 00 02 01 06 00 00 04 0B 6F 76 7E 
7E A0 27 01 02 01 10 5A 87 E6 E7 00 0F 40 00 00 00 09 0C 07 E1 09 0E 04 15 1E 38 FF 80 00 00 02 01 06 00 00 04 0D 78 1E 7E 
7E A0 27 01 02 01 10 5A 87 E6 E7 00 0F 40 00 00 00 09 0C 07 E1 09 0E 04 15 1E 3A FF 80 00 00 02 01 06 00 00 04 0A 7C 68 7E 
7E A0 79 01 02 01 10 80 93 E6 E7 00 0F 40 00 00 00 09 0C 07 E1 09 0E 04 15 1F 00 FF 80 00 00 02 0D 09 07 4B 46 4D 5F 30 30 31 09 10 36 39 37 30 36 33 31 34 30 31 37 35 33 39 38 35 09 08 4D 41 33 30 34 48 33 45 06 00 00 04 0D 06 00 00 00 00 06 00 00 00 00 06 00 00 00 4F 06 00 00 07 B9 06 00 00 0C A7 06 00 00 0D 7E 
06 00 00 09 60 06 00 00 00 00 06 00 00 09 68 58 7E 
7E 7E 
A0 27 01 02 01 10 5A 87 E6 E7 00 0F 40 00 00 00 09 0C 07 E1 09 0E 04 15 1F 02 FF 80 00 00 02 01 06 00 00 04 0F F8 0E 7E 
7E A0 27 01 02 01 10 5A 87 E6 E7 00 0F 40 00 00 00 09 0C 07 E1 09 0E 04 15 1F 04 FF 80 00 00 02 01 06 00 00 04 0B 11 4F 7E 
7E A0 27 01 02 01 10 5A 87 E6 E7 00 0F 40 00 00 00 09 0C 07 E1 09 0E 04 15 1F 06 FF 80 00 00 02 01 06 00 00 04 0A 23 5C 7E 
7E A0 27 01 02 01 10 5A 87 E6 E7 00 0F 40 00 00 00 09 0C 07 E1 09 0E 04 15 1F 08 FF 80 00 00 02 01 06 00 00 04 0C 34 34 7E 
7E A0 79 01 02 01 10 80 93 E6 E7 00 0F 40 00 00 00 09 0C 07 E1 09 0E 04 15 1F 0A FF 80 00 00 02 0D 09 07 4B 46 4D 5F 30 30 31 09 10 36 39 37 30 36 33 31 34 30 31 37 35 33 39 38 35 09 08 4D 41 33 30 34 48 33 45 06 00 00 04 0C 06 00 00 00 00 06 00 00 00 00 06 00 00 00 4F 06 00 00 07 BA 06 00 00 0C AA 06 00 00 0D 81 06 00 00 09 5D 06 00 00 00 00 06 00 00 09 64 CA 7B 7E 
7E A0 27 01 02 01 10 5A 87 E6 E7 00 0F 40 00 00 00 09 0C 07 E1 09 0E 04 15 1F 0C FF 80 00 00 02 01 06 00 00 04 0B FD 45 7E 
7E A0 27 01 02 01 10 5A 87 E6 E7 00 0F 40 00 00 00 09 0C 07 E1 09 0E 04 15 1F 0E FF 80 00 00 02 01 06 00 00 04 10 14 E9 7E 
7E A0 27 01 02 01 10 5A 87 E6 E7 00 0F 40 00 00 00 09 0C 07 E1 09 0E 04 15 1F 10 FF 80 00 00 02 01 06 00 00 04 0B BF 5F 7E 
7E A0 27 01 02 01 10 5A 87 E6 E7 00 0F 40 00 00 00 09 0C 07 E1 09 0E 04 15 1F 12 FF 80 00 00 02 01 06 00 00 04 0A 8D 4C 7E 
7E A0 79 01 02 01 10 80 93 E6 E7 00 0F 40 00 00 00 09 0C 07 E1 09 0E 04 15 1F 14 FF 80 00 00 02 0D 09 07 4B 46 4D 5F 30 30 31 09 10 36 39 37 30 36 33 31 34 30 31 37 35 33 39 38 35 09 08 4D 41 33 30 34 48 33 45 06 00 00 04 0C 06 00 00 00 00 06 00 00 00 00 06 00 00 00 4E 06 00 00 07 C1 06 00 00 0C 9E 06 00 00 0D 7E 
06 00 00 09 5F 06 00 00 00 00 06 00 00 09 66 87 96 7E 
7E A0 27 01 02 01 10 5A 87 E6 E7 00 0F 40 00 00 00 09 0C 07 E1 09 0E 04 15 1F 16 FF 80 00 00 02 01 06 00 00 04 09 60 7B 7E 
7E A0 27 01 02 01 10 5A 87 E6 E7 00 0F 40 00 00 00 09 0C 07 E1 09 0E 04 15 1F 18 FF 80 00 00 02 01 06 00 00 04 0D 65 30 7E 
7E A0 27 01 02 01 10 5A 87 E6 E7 00 0F 40 00 00 00 09 0C 07 E1 09 0E 04 15 1F 1A FF 80 00 00 02 01 06 00 00 04 0D DE 32 7E 
7E A0 27 01 02 01 10 5A 87 E6 E7 00 0F 40 00 00 00 09 0C 07 E1 09 0E 04 15 1F 1C FF 80 00 00 02 01 06 00 00 04 0C 9A 24 7E 
7E A0 79 01 02 01 10 80 93 E6 E7 00 0F 40 00 00 00 09 0C 07 E1 09 0E 04 15 1F 1E FF 80 00 00 02 0D 09 07 4B 46 4D 5F 30 30 31 09 10 36 39 37 30 36 33 31 34 30 31 37 35 33 39 38 35 09 08 4D 41 33 30 34 48 33 45 06 00 00 04 0E 06 00 00 00 00 06 00 00 00 00 06 00 00 00 4E 06 00 00 07 BD 06 00 00 0C A9 06 00 00 0D 84 06 00 00 09 5E 06 00 00 00 00 06 00 00 09 67 96 51 7E 
7E A0 27 01 02 01 10 5A 87 E6 E7 00 0F 40 00 00 00 09 0C 07 E1 09 0E 04 15 1F 20 FF 80 00 00 02 01 06 00 00 04 0F F3 27 7E 
7E A0 27 01 02 01 10 5A 87 E6 E7 00 0F 40 00 00 00 09 0C 07 E1 09 0E 04 15 1F 22 FF 80 00 00 02 01 06 00 00 04 0D 5A 06 7E 
7E A0 27 01 02 01 10 5A 87 E6 E7 00 0F 40 00 00 00 09 0C 07 E1 09 0E 04 15 1F 24 FF 80 00 00 02 01 06 00 00 04 0E 0C 33 7E 
7E A0 27 01 02 01 10 5A 87 E6 E7 00 0F 40 00 00 00 09 0C 07 E1 09 0E 04 15 1F 26 FF 80 00 00 02 01 06 00 00 04 0F 3E 20 7E 
7E A0 79 01 02 01 10 80 93 E6 E7 00 0F 40 00 00 00 09 0C 07 E1 09 0E 04 15 1F 28 FF 80 00 00 02 0D 09 07 4B 46 4D 5F 30 30 31 09 10 36 39 37 30 36 33 31 34 30 31 37 35 33 39 38 35 09 08 4D 41 33 30 34 48 33 45 06 00 00 04 0C 06 00 00 00 00 06 00 00 00 00 06 00 00 00 4E 06 00 00 07 BA 06 00 00 0C AA 06 00 00 0D 82 06 00 00 09 5F 06 00 00 00 00 06 00 00 09 68 7E 
E4 7E 
7E A0 27 01 02 01 10 5A 87 E6 E7 00 0F 40 00 00 00 09 0C 07 E1 09 0E 04 15 1F 2A FF 80 00 00 02 01 06 00 00 04 0E 2D 3E 7E 
7E A0 27 01 02 01 10 5A 87 E6 E7 00 0F 40 00 00 00 09 0C 07 E1 09 0E 04 15 1F 2C FF 80 00 00 02 01 06 00 00 04 0E E0 39 7E 
7E A0 27 01 02 01 10 5A 87 E6 E7 00 0F 40 00 00 00 09 0C 07 E1 09 0E 04 15 1F 2E FF 80 00 00 02 01 06 00 00 04 0C 49 18 7E 
7E A0 27 01 02 01 10 5A 87 E6 E7 00 0F 40 00 00 00 09 0C 07 E1 09 0E 04 15 1F 30 FF 80 00 00 02 01 06 00 00 04 0E A2 23 7E 
7E A0 79 01 02 01 10 80 93 E6 E7 00 0F 40 00 00 00 09 0C 07 E1 09 0E 04 15 1F 32 FF 80 00 00 02 0D 09 07 4B 46 4D 5F 30 30 31 09 10 36 39 37 30 36 33 31 34 30 31 37 35 33 39 38 35 09 08 4D 41 33 30 34 48 33 45 06 00 00 04 0D 06 00 00 00 00 06 00 00 00 00 06 00 00 00 4F 06 00 00 07 BE 06 00 00 0C A8 06 00 00 0D 83 06 00 00 09 5F 06 00 00 00 00 06 00 00 09 68 05 8B 7E 
7E A0 27 01 02 01 10 5A 87 E6 E7 00 0F 40 00 00 00 09 0C 07 E1 09 0E 04 15 1F 34 FF 80 00 00 02 01 06 00 00 04 0B 79 71 7E 
7E A0 27 01 02 01 10 5A 87 E6 E7 00 0F 40 00 00 00 09 0C 07 E1 09 0E 04 15 1F 36 FF 80 00 00 02 01 06 00 00 04 08 59 41 7E 
7E A0 27 01 02 01 10 5A 87 E6 E7 00 0F 40 00 00 00 09 0C 07 E1 09 0E 04 15 1F 38 FF 80 00 00 02 01 06 00 00 04 09 F1 5D 7E 
7E A0 27 01 02 01 10 5A 87 E6 E7 00 0F 40 00 00 00 09 0C 07 E1 09 0E 04 15 1F 3A FF 80 00 00 02 01 06 00 00 04 15 A7 85 7E 
7E A0 79 01 02 01 10 80 93 E6 E7 00 0F 40 00 00 00 09 0C 07 E1 09 0E 04 15 20 00 FF 80 00 00 02 0D 09 07 4B 46 4D 5F 30 30 31 09 10 36 39 37 30 36 33 31 34 30 31 37 35 33 39 38 35 09 08 4D 41 33 30 34 48 33 45 06 00 00 04 0B 06 00 00 00 00 06 00 00 00 00 06 00 00 00 4F 06 00 00 07 BC 06 00 00 0C AE 06 00 00 0D 7F 06 00 00 09 5E 06 00 00 00 00 06 00 00 09 65 CE 70 7E 
7E A0 27 01 02 01 10 5A 87 E6 E7 00 0F 40 00 00 00 09 0C 07 E1 09 0E 04 15 20 02 FF 80 00 00 02 01 06 00 00 04 0C 38 E6 7E 
7E A0 27 01 02 01 10 5A 87 E6 E7 00 0F 40 00 00 00 09 0C 07 E1 09 0E 04 15 20 04 FF 80 00 00 02 01 06 00 00 04 0A C3 84 7E 
7E A0 27 01 02 01 10 5A 87 E6 E7 00 0F 40 00 00 00 09 0C 07 E1 09 0E 04 15 20 06 FF 80 00 00 02 01 06 00 00 04 0C 4E E3 7E 
7E A0 27 01 02 01 10 5A 87 E6 E7 00 0F 40 00 00 00 09 0C 07 E1 09 0E 04 15 20 08 FF 80 00 00 02 01 06 00 00 04 10 82 34 7E 
7E A0 79 01 02 01 10 80 93 E6 E7 00 0F 40 00 00 00 09 0C 07 E1 09 0E 04 15 20 0A FF 80 00 00 02 0D 09 07 4B 46 4D 5F 30 30 31 09 10 36 39 37 30 36 33 31 34 30 31 37 35 33 39 38 35 09 08 4D 41 33 30 34 48 33 45 06 00 00 04 0D 06 00 00 00 00 06 00 00 00 00 06 00 00 00 4E 06 00 00 07 C0 06 00 00 0C A8 06 00 00 0D 85 06 00 00 09 5D 06 00 00 00 00 06 00 00 09 64 0A 70 7E 
7E A0 27 01 02 01 10 5A 87 E6 E7 00 0F 40 00 00 00 09 0C 07 E1 09 0E 04 15 20 0C FF 80 00 00 02 01 06 00 00 04 0E 0B C8 7E 
7E A0 27 01 02 01 10 5A 87 E6 E7 00 0F 40 00 00 00 09 0C 07 E1 09 0E 04 15 20 0E FF 80 00 00 02 01 06 00 00 04 0D 2B F8 7E 
7E A0 27 01 02 01 10 5A 87 E6 E7 00 0F 40 00 00 00 09 0C 07 E1 09 0E 04 15 20 10 FF 80 00 00 02 01 06 00 00 04 0A 6D 94 7E 
7E A0 27 01 02 01 10 5A 87 E6 E7 00 0F 40 00 00 00 09 0C 07 E1 09 0E 04 15 20 12 FF 80 00 00 02 01 06 00 00 04 0B 5F 87 7E 
7E A0 79 01 02 01 10 80 93 E6 E7 00 0F 40 00 00 00 09 0C 07 E1 09 0E 04 15 20 14 FF 80 00 00 02 0D 09 07 4B 46 4D 5F 30 30 31 09 10 36 39 37 30 36 33 31 34 30 31 37 35 33 39 38 35 09 08 4D 41 33 30 34 48 33 45 06 00 00 04 11 06 00 00 00 00 06 00 00 00 00 06 00 00 00 4D 06 00 00 07 CC 06 00 00 0C AE 06 00 00 0D 93 06 00 00 09 60 06 00 00 00 00 06 00 00 09 66 51 C9 7E 
7E A0 27 01 02 01 10 5A 87 E6 E7 00 0F 40 00 00 00 09 0C 07 E1 09 0E 04 15 20 16 FF 80 00 00 02 01 06 00 00 04 0D 1F E7 7E 
7E A0 27 01 02 01 10 5A 87 E6 E7 00 0F 40 00 00 00 09 0C 07 E1 09 0E 04 15 20 18 FF 80 00 00 02 01 06 00 00 04 0C B7 FB 7E 
7E A0 27 01 02 01 10 5A 87 E6 E7 00 0F 40 00 00 00 09 0C 07 E1 09 0E 04 15 20 1A FF 80 00 00 02 01 06 00 00 04 14 C5 65 7E 
7E A0 27 01 02 01 10 5A 87 E6 E7 00 0F 40 00 00 00 09 0C 07 E1 09 0E 04 15 20 1C FF 80 00 00 02 01 06 00 00 04 23 34 27 7E 
7E A0 79 01 02 01 10 80 93 E6 E7 00 0F 40 00 00 00 09 0C 07 E1 09 0E 04 15 20 1E FF 80 00 00 02 0D 09 07 4B 46 4D 5F 30 30 31 09 10 36 39 37 30 36 33 31 34 30 31 37 35 33 39 38 35 09 08 4D 41 33 30 34 48 33 45 06 00 00 04 10 06 00 00 00 00 06 00 00 00 00 06 00 00 00 4D 06 00 00 07 C8 06 00 00 0C 9D 06 00 00 0D 83 06 00 00 09 61 06 00 00 00 00 06 00 00 09 68 EE 44 7E 
7E A0 27 01 02 01 10 5A 87 E6 E7 00 0F 40 00 00 00 09 0C 07 E1 09 0E 04 15 20 20 FF 80 00 00 02 01 06 00 00 04 10 DE 15 7E 
7E A0 27 01 02 01 10 5A 87 E6 E7 00 0F 40 00 00 00 09 0C 07 E1 09 0E 04 15 20 22 FF 80 00 00 02 01 06 00 00 04 13 FE 25 7E 
7E A0 27 01 02 01 10 5A 87 E6 E7 00 0F 40 00 00 00 09 0C 07 E1 09 0E 04 15 20 24 FF 80 00 00 02 01 06 00 00 04 0D CC DB 7E 
7E A0 27 01 02 01 10 5A 87 E6 E7 00 0F 40 00 00 00 09 0C 07 E1 09 0E 04 15 20 26 FF 80 00 00 02 01 06 00 00 04 0F 65 FA 7E 
7E A0 79 01 02 01 10 80 93 E6 E7 00 0F 40 00 00 00 09 0C 07 E1 09 0E 04 15 20 28 FF 80 00 00 02 0D 09 07 4B 46 4D 5F 30 30 31 09 10 36 39 37 30 36 33 31 34 30 31 37 35 33 39 38 35 09 08 4D 41 33 30 34 48 33 45 06 00 00 04 0F 06 00 00 00 00 06 00 00 00 00 06 00 00 00 4E 06 00 00 07 C7 06 00 00 0C AA 06 00 00 0D 8C 06 00 00 09 5E 06 00 00 00 00 06 00 00 09 66 07 D8 7E 
7E A0 27 01 02 01 10 5A 87 E6 E7 00 0F 40 00 00 00 09 0C 07 E1 09 0E 04 15 20 2A FF 80 00 00 02 01 06 00 00 04 0E 76 E4 7E 
7E A0 27 01 02 01 10 5A 87 E6 E7 00 0F 40 00 00 00 09 0C 07 E1 09 0E 04 15 20 2C FF 80 00 00 02 01 06 00 00 04 0D 20 D1 7E 
7E A0 27 01 02 01 10 5A 87 E6 E7 00 0F 40 00 00 00 09 0C 07 E1 09 0E 04 15 20 2E FF 80 00 00 02 01 06 00 00 04 0A 24 A7 7E 
7E A0 27 01 02 01 10 5A 87 E6 E7 00 0F 40 00 00 00 09 0C 07 E1 09 0E 04 15 20 30 FF 80 00 00 02 01 06 00 00 04 0A DD BF 7E 
7E A0 79 01 02 01 10 80 93 E6 E7 00 0F 40 00 00 00 09 0C 07 E1 09 0E 04 15 20 32 FF 80 00 00 02 0D 09 07 4B 46 4D 5F 30 30 31 09 10 36 39 37 30 36 33 31 34 30 31 37 35 33 39 38 35 09 08 4D 41 33 30 34 48 33 45 06 00 00 03 64 06 00 00 00 00 06 00 00 00 00 06 00 00 00 91 06 00 00 07 C1 06 00 00 08 FE 06 00 00 0B 16 06 00 00 09 5F 06 00 00 00 00 06 00 00 09 67 D9 99 7E 
7E A0 27 01 02 01 10 5A 87 E6 E7 00 0F 40 00 00 00 09 0C 07 E1 09 0E 04 15 20 34 FF 80 00 00 02 01 06 00 00 03 23 60 4B 7E 
7E A0 27 01 02 01 10 5A 87 E6 E7 00 0F 40 00 00 00 09 0C 07 E1 09 0E 04 15 20 36 FF 80 00 00 02 01 06 00 00 03 0A 18 F5 7E 
7E A0 27 01 02 01 10 5A 87 E6 E7 00 0F 40 00 00 00 09 0C 07 E1 09 0E 04 15 20 38 FF 80 00 00 02 01 06 00 00 03 08 2B DB 7E 
7E A0 27 01 02 01 10 5A 87 E6 E7 00 0F 40 00 00 00 09 0C 07 E1 09 0E 04 15 20 3A FF 80 00 00 02 01 06 00 00 03 06 EE 30 7E 
7E A0 79 01 02 01 10 80 93 E6 E7 00 0F 40 00 00 00 09 0C 07 E1 09 0E 04 15 21 00 FF 80 00 00 02 0D 09 07 4B 46 4D 5F 30 30 31 09 10 36 39 37 30 36 33 31 34 30 31 37 35 33 39 38 35 09 08 4D 41 33 30 34 48 33 45 06 00 00 03 05 06 00 00 00 00 06 00 00 00 00 06 00 00 00 B0 06 00 00 07 BA 06 00 00 07 97 06 00 00 0A 35 06 00 00 09 5E 06 00 00 00 00 06 00 00 09 68 8E 2C 7E 
7E A0 27 01 02 01 10 5A 87 E6 E7 00 0F 40 00 00 00 09 0C 07 E1 09 0E 04 15 21 02 FF 80 00 00 02 01 06 00 00 03 0A AB CB 7E 
7E A0 27 01 02 01 10 5A 87 E6 E7 00 0F 40 00 00 00 09 0C 07 E1 09 0E 04 15 21 04 FF 80 00 00 02 01 06 00 00 03 02 2E 40 7E 
7E A0 27 01 02 01 10 5A 87 E6 E7 00 0F 40 00 00 00 09 0C 07 E1 09 0E 04 15 21 06 FF 80 00 00 02 01 06 00 00 03 08 CF ED 7E 
7E A0 27 01 02 01 10 5A 87 E6 E7 00 0F 40 00 00 00 09 0C 07 E1 09 0E 04 15 21 08 FF 80 00 00 02 01 06 00 00 03 0B 75 D2 7E 
7E A0 79 01 02 01 10 80 93 E6 E7 00 0F 40 00 00 00 09 0C 07 E1 09 0E 04 15 21 0A FF 80 00 00 02 0D 09 07 4B 46 4D 5F 30 30 31 09 10 36 39 37 30 36 33 31 34 30 31 37 35 33 39 38 35 09 08 4D 41 33 30 34 48 33 45 06 00 00 03 08 06 00 00 00 00 06 00 00 00 00 06 00 00 00 AF 06 00 00 07 BB 06 00 00 07 9E 06 00 00 0A 3B 06 00 00 09 5E 06 00 00 00 00 06 00 00 09 69 FD 58 7E 
7E A0 27 01 02 01 10 5A 87 E6 E7 00 0F 40 00 00 00 09 0C 07 E1 09 0E 04 15 21 0C FF 80 00 00 02 01 06 00 00 03 05 7D 3E 7E 
7E A0 27 01 02 01 10 5A 87 E6 E7 00 0F 40 00 00 00 09 0C 07 E1 09 0E 04 15 21 0E FF 80 00 00 02 01 06 00 00 03 08 23 E7 7E 
7E A0 27 01 02 01 10 5A 87 E6 E7 00 0F 40 00 00 00 09 0C 07 E1 09 0E 04 15 21 10 FF 80 00 00 02 01 06 00 00 03 05 3F 24 7E 
7E A0 27 01 02 01 10 5A 87 E6 E7 00 0F 40 00 00 00 09 0C 07 E1 09 0E 04 15 21 12 FF 80 00 00 02 01 06 00 00 03 04 0D 37 7E 
7E A0 79 01 02 01 10 80 93 E6 E7 00 0F 40 00 00 00 09 0C 07 E1 09 0E 04 15 21 14 FF 80 00 00 02 0D 09 07 4B 46 4D 5F 30 30 31 09 10 36 39 37 30 36 33 31 34 30 31 37 35 33 39 38 35 09 08 4D 41 33 30 34 48 33 45 06 00 00 03 07 06 00 00 00 00 06 00 00 00 00 06 00 00 00 B0 06 00 00 07 BC 06 00 00 07 9A 06 00 00 0A 3B 06 00 00 09 5E 06 00 00 00 00 06 00 00 09 68 62 08 7E 
7E A0 27 01 02 01 10 5A 87 E6 E7 00 0F 40 00 00 00 09 0C 07 E1 09 0E 04 15 21 16 FF 80 00 00 02 01 06 00 00 03 05 F2 23 7E 
7E A0 27 01 02 01 10 5A 87 E6 E7 00 0F 40 00 00 00 09 0C 07 E1 09 0E 04 15 21 18 FF 80 00 00 02 01 06 00 00 03 05 D3 2E 7E 
7E A0 27 01 02 01 10 5A 87 E6 E7 00 0F 40 00 00 00 09 0C 07 E1 09 0E 04 15 21 1A FF 80 00 00 02 01 06 00 00 03 09 04 E6 7E 
7E A0 27 01 02 01 10 5A 87 E6 E7 00 0F 40 00 00 00 09 0C 07 E1 09 0E 04 15 21 1C FF 80 00 00 02 01 06 00 00 03 06 3E 19 7E 
7E A0 79 01 02 01 10 80 93 E6 E7 00 0F 40 00 00 00 09 0C 07 E1 09 0E 04 15 21 1E FF 80 00 00 02 0D 09 07 4B 46 4D 5F 30 30 31 09 10 36 39 37 30 36 33 31 34 30 31 37 35 33 39 38 35 09 08 4D 41 33 30 34 48 33 45 06 00 00 03 07 06 00 00 00 00 06 00 00 00 00 06 00 00 00 B0 06 00 00 07 BC 06 00 00 07 9A 06 00 00 0A 38 06 00 00 09 60 06 00 00 00 00 06 00 00 09 6B A6 A2 7E 
7E A0 27 01 02 01 10 5A 87 E6 E7 00 0F 40 00 00 00 09 0C 07 E1 09 0E 04 15 21 20 FF 80 00 00 02 01 06 00 00 03 09 3B D0 7E 
7E A0 27 01 02 01 10 5A 87 E6 E7 00 0F 40 00 00 00 09 0C 07 E1 09 0E 04 15 21 22 FF 80 00 00 02 01 06 00 00 03 07 FE 3B 7E 
7E A0 27 01 02 01 10 5A 87 E6 E7 00 0F 40 00 00 00 09 0C 07 E1 09 0E 04 15 21 24 FF 80 00 00 02 01 06 00 00 03 08 C4 C4 7E 
7E A0 27 01 02 01 10 5A 87 E6 E7 00 0F 40 00 00 00 09 0C 07 E1 09 0E 04 15 21 26 FF 80 00 00 02 01 06 00 00 03 09 F6 D7 7E 
7E A0 79 01 02 01 10 80 93 E6 E7 00 0F 40 00 00 00 09 0C 07 E1 09 0E 04 15 21 28 FF 80 00 00 02 0D 09 07 4B 46 4D 5F 30 30 31 09 10 36 39 37 30 36 33 31 34 30 31 37 35 33 39 38 35 09 08 4D 41 33 30 34 48 33 45 06 00 00 03 07 06 00 00 00 00 06 00 00 00 00 06 00 00 00 B0 06 00 00 07 C5 06 00 00 07 8F 06 00 00 0A 3D 06 00 00 09 61 06 00 00 00 00 06 00 00 09 6A 24 5B 7E 
7E A0 27 01 02 01 10 5A 87 E6 E7 00 0F 40 00 00 00 09 0C 07 E1 09 0E 04 15 21 2A FF 80 00 00 02 01 06 00 00 03 10 2C 55 7E 
7E A0 27 01 02 01 10 5A 87 E6 E7 00 0F 40 00 00 00 09 0C 07 E1 09 0E 04 15 21 2C FF 80 00 00 02 01 06 00 00 03 0B B3 FC 7E 
7E A0 27 01 02 01 10 5A 87 E6 E7 00 0F 40 00 00 00 09 0C 07 E1 09 0E 04 15 21 2E FF 80 00 00 02 01 06 00 00 03 0B 08 FE 7E 
7E A0 27 01 02 01 10 5A 87 E6 E7 00 0F 40 00 00 00 09 0C 07 E1 09 0E 04 15 21 30 FF 80 00 00 02 01 06 00 00 03 08 6A D4 7E 
7E A0 79 01 02 01 10 80 93 E6 E7 00 0F 40 00 00 00 09 0C 07 E1 09 0E 04 15 21 32 FF 80 00 00 02 0D 09 07 4B 46 4D 5F 30 30 31 09 10 36 39 37 30 36 33 31 34 30 31 37 35 33 39 38 35 09 08 4D 41 33 30 34 48 33 45 06 00 00 03 0C 06 00 00 00 00 06 00 00 00 00 06 00 00 00 AF 06 00 00 07 C6 06 00 00 07 A2 06 00 00 0A 4B 06 00 00 09 5C 06 00 00 00 00 06 00 00 09 64 30 46 7E 
7E A0 27 01 02 01 10 5A 87 E6 E7 00 0F 40 00 00 00 09 0C 07 E1 09 0E 04 15 21 34 FF 80 00 00 02 01 06 00 00 03 09 95 C0 7E 
7E A0 27 01 02 01 10 5A 87 E6 E7 00 0F 40 00 00 00 09 0C 07 E1 09 0E 04 15 21 36 FF 80 00 00 02 01 06 00 00 03 06 D9 3A 7E 
7E A0 27 01 02 01 10 5A 87 E6 E7 00 0F 40 00 00 00 09 0C 07 E1 09 0E 04 15 21 38 FF 80 00 00 02 01 06 00 00 03 07 71 26 7E 
7E A0 27 01 02 01 10 5A 87 E6 E7 00 0F 40 00 00 00 09 0C 07 E1 09 0E 04 15 21 3A FF 80 00 00 02 01 06 00 00 03 04 51 16 7E 
7E A0 79 01 02 01 10 80 93 E6 E7 00 0F 40 00 00 00 09 0C 07 E1 09 0E 04 15 22 00 FF 80 00 00 02 0D 09 07 4B 46 4D 5F 30 30 31 09 10 36 39 37 30 36 33 31 34 30 31 37 35 33 39 38 35 09 08 4D 41 33 30 34 48 33 45 06 00 00 03 0B 06 00 00 00 00 06 00 00 00 00 06 00 00 00 AE 06 00 00 07 BD 06 00 00 07 AC 06 00 00 0A 42 06 00 00 09 5C 06 00 00 00 00 06 00 00 09 66 2C 7C 7E 
7E A0 27 01 02 01 10 5A 87 E6 E7 00 0F 40 00 00 00 09 0C 07 E1 09 0E 04 15 22 02 FF 80 00 00 02 01 06 00 00 03 0A 5C C5 7E 
7E A0 27 01 02 01 10 5A 87 E6 E7 00 0F 40 00 00 00 09 0C 07 E1 09 0E 04 15 22 04 FF 80 00 00 02 01 06 00 00 03 07 74 19 7E 
7E A0 27 01 02 01 10 5A 87 E6 E7 00 0F 40 00 00 00 09 0C 07 E1 09 0E 04 15 22 06 FF 80 00 00 02 01 06 00 00 03 06 46 0A 7E 
7E A0 27 01 02 01 10 5A 87 E6 E7 00 0F 40 00 00 00 09 0C 07 E1 09 0E 04 15 22 08 FF 80 00 00 02 01 06 00 00 03 0A 0B CD 7E 
7E A0 79 01 02 01 10 80 93 E6 E7 00 0F 40 00 00 00 09 0C 07 E1 09 0E 04 15 22 0A FF 80 00 00 02 0D 09 07 4B 46 4D 5F 30 30 31 09 10 36 39 37 30 36 33 31 34 30 31 37 35 33 39 38 35 09 08 4D 41 33 30 34 48 33 45 06 00 00 03 05 06 00 00 00 00 06 00 00 00 00 06 00 00 00 B1 06 00 00 07 B2 06 00 00 07 98 06 00 00 0A 2F 06 00 00 09 60 06 00 00 00 00 06 00 00 09 6A 8F 73 7E 
7E A0 27 01 02 01 10 5A 87 E6 E7 00 0F 40 00 00 00 09 0C 07 E1 09 0E 04 15 22 0C FF 80 00 00 02 01 06 00 00 03 04 03 21 7E 
7E A0 27 01 02 01 10 5A 87 E6 E7 00 0F 40 00 00 00 09 0C 07 E1 09 0E 04 15 22 0E FF 80 00 00 02 01 06 00 00 03 04 B8 23 7E 
7E A0 27 01 02 01 10 5A 87 E6 E7 00 0F 40 00 00 00 09 0C 07 E1 09 0E 04 15 22 10 FF 80 00 00 02 01 06 00 00 03 03 FE 4F 7E 
7E A0 27 01 02 01 10 5A 87 E6 E7 00 0F 40 00 00 00 09 0C 07 E1 09 0E 04 15 22 12 FF 80 00 00 02 01 06 00 00 03 05 73 28 7E 
7E A0 79 01 02 01 10 80 93 E6 E7 00 0F 40 00 00 00 09 0C 07 E1 09 0E 04 15 22 14 FF 80 00 00 02 0D 09 07 4B 46 4D 5F 30 30 31 09 10 36 39 37 30 36 33 31 34 30 31 37 35 33 39 38 35 09 08 4D 41 33 30 34 48 33 45 06 00 00 03 09 06 00 00 00 00 06 00 00 00 00 06 00 00 00 AF 06 00 00 07 C0 06 00 00 07 9C 06 00 00 0A 44 06 00 00 09 5B 06 00 00 00 00 06 00 00 09 66 3E 93 7E 
7E A0 27 01 02 01 10 5A 87 E6 E7 00 0F 40 00 00 00 09 0C 07 E1 09 0E 04 15 22 16 FF 80 00 00 02 01 06 00 00 03 07 17 0E 7E 
7E A0 27 01 02 01 10 5A 87 E6 E7 00 0F 40 00 00 00 09 0C 07 E1 09 0E 04 15 22 18 FF 80 00 00 02 01 06 00 00 03 05 24 20 7E 
7E A0 27 01 02 01 10 5A 87 E6 E7 00 0F 40 00 00 00 09 0C 07 E1 09 0E 04 15 22 1A FF 80 00 00 02 01 06 00 00 03 07 8D 01 7E 
7E A0 27 01 02 01 10 5A 87 E6 E7 00 0F 40 00 00 00 09 0C 07 E1 09 0E 04 15 22 1C FF 80 00 00 02 01 06 00 00 03 05 52 25 7E 
7E A0 79 01 02 01 10 80 93 E6 E7 00 0F 40 00 00 00 09 0C 07 E1 09 0E 04 15 22 1E FF 80 00 00 02 0D 09 07 4B 46 4D 5F 30 30 31 09 10 36 39 37 30 36 33 31 34 30 31 37 35 33 39 38 35 09 08 4D 41 33 30 34 48 33 45 06 00 00 03 07 06 00 00 00 00 06 00 00 00 00 06 00 00 00 B1 06 00 00 07 B7 06 00 00 07 99 06 00 00 0A 36 06 00 00 09 5F 06 00 00 00 00 06 00 00 09 68 19 D9 7E 
7E A0 27 01 02 01 10 5A 87 E6 E7 00 0F 40 00 00 00 09 0C 07 E1 09 0E 04 15 22 20 FF 80 00 00 02 01 06 00 00 03 07 B2 37 7E 
7E A0 27 01 02 01 10 5A 87 E6 E7 00 0F 40 00 00 00 09 0C 07 E1 09 0E 04 15 22 22 FF 80 00 00 02 01 06 00 00 03 07 09 35 7E 
7E A0 27 01 02 01 10 5A 87 E6 E7 00 0F 40 00 00 00 09 0C 07 E1 09 0E 04 15 22 24 FF 80 00 00 02 01 06 00 00 03 1B 29 E8 7E 
7E A0 27 01 02 01 10 5A 87 E6 E7 00 0F 40 00 00 00 09 0C 07 E1 09 0E 04 15 22 26 FF 80 00 00 02 01 06 00 00 03 05 6D 13 7E 
7E A0 79 01 02 01 10 80 93 E6 E7 00 0F 40 00 00 00 09 0C 07 E1 09 0E 04 15 22 28 FF 80 00 00 02 0D 09 07 4B 46 4D 5F 30 30 31 09 10 36 39 37 30 36 33 31 34 30 31 37 35 33 39 38 35 09 08 4D 41 33 30 34 48 33 45 06 00 00 03 03 06 00 00 00 00 06 00 00 00 00 06 00 00 00 B2 06 00 00 07 AE 06 00 00 07 98 06 00 00 0A 28 06 00 00 09 5F 06 00 00 00 00 06 00 00 09 68 C1 72 7E 
7E A0 27 01 02 01 10 5A 87 E6 E7 00 0F 40 00 00 00 09 0C 07 E1 09 0E 04 15 22 2A FF 80 00 00 02 01 06 00 00 03 07 E5 3F 7E 
7E A0 27 01 02 01 10 5A 87 E6 E7 00 0F 40 00 00 00 09 0C 07 E1 09 0E 04 15 22 2C FF 80 00 00 02 01 06 00 00 03 05 3A 1B 7E 
7E A0 27 01 02 01 10 5A 87 E6 E7 00 0F 40 00 00 00 09 0C 07 E1 09 0E 04 15 22 2E FF 80 00 00 02 01 06 00 00 03 04 08 08 7E 
7E A0 27 01 02 01 10 5A 87 E6 E7 00 0F 40 00 00 00 09 0C 07 E1 09 0E 04 15 22 30 FF 80 00 00 02 01 06 00 00 03 01 5C 47 7E 
7E A0 79 01 02 01 10 80 93 E6 E7 00 0F 40 00 00 00 09 0C 07 E1 09 0E 04 15 22 32 FF 80 00 00 02 0D 09 07 4B 46 4D 5F 30 30 31 09 10 36 39 37 30 36 33 31 34 30 31 37 35 33 39 38 35 09 08 4D 41 33 30 34 48 33 45 06 00 00 03 02 06 00 00 00 00 06 00 00 00 00 06 00 00 00 B1 06 00 00 07 B8 06 00 00 07 8F 06 00 00 0A 2D 06 00 00 09 5F 06 00 00 00 00 06 00 00 09 69 7A 05 7E 
7E A0 27 01 02 01 10 5A 87 E6 E7 00 0F 40 00 00 00 09 0C 07 E1 09 0E 04 15 22 34 FF 80 00 00 02 01 06 00 00 03 0E DD BA 7E 
7E A0 27 01 02 01 10 5A 87 E6 E7 00 0F 40 00 00 00 09 0C 07 E1 09 0E 04 15 22 36 FF 80 00 00 02 01 06 00 00 03 05 B5 06 7E 
7E A0 27 01 02 01 10 5A 87 E6 E7 00 0F 40 00 00 00 09 0C 07 E1 09 0E 04 15 22 38 FF 80 00 00 02 01 06 00 00 03 0D DC 87 7E 
7E A0 27 01 02 01 10 5A 87 E6 E7 00 0F 40 00 00 00 09 0C 07 E1 09 0E 04 15 22 3A FF 80 00 00 02 01 06 00 00 03 1A 59 E1 7E 
7E A0 79 01 02 01 10 80 93 E6 E7 00 0F 40 00 00 00 09 0C 07 E1 09 0E 04 15 23 00 FF 80 00 00 02 0D 09 07 4B 46 4D 5F 30 30 31 09 10 36 39 37 30 36 33 31 34 30 31 37 35 33 39 38 35 09 08 4D 41 33 30 34 48 33 45 06 00 00 03 13 06 00 00 00 00 06 00 00 00 00 06 00 00 00 AE 06 00 00 07 DC 06 00 00 07 98 06 00 00 0A 64 06 00 00 09 5C 06 00 00 00 00 06 00 00 09 66 E1 F0 7E 
7E A0 27 01 02 01 10 5A 87 E6 E7 00 0F 40 00 00 00 09 0C 07 E1 09 0E 04 15 23 02 FF 80 00 00 02 01 06 00 00 03 05 06 38 7E 
7E A0 27 01 02 01 10 5A 87 E6 E7 00 0F 40 00 00 00 09 0C 07 E1 09 0E 04 15 23 04 FF 80 00 00 02 01 06 00 00 03 02 74 4B 7E 
7E A0 27 01 02 01 10 5A 87 E6 E7 00 0F 40 00 00 00 09 0C 07 E1 09 0E 04 15 23 06 FF 80 00 00 02 01 06 00 00 03 05 70 3D 7E 
7E A0 27 01 02 01 10 5A 87 E6 E7 00 0F 40 00 00 00 09 0C 07 E1 09 0E 04 15 23 08 FF 80 00 00 02 01 06 00 00 03 07 43 13 7E 
7E A0 79 01 02 01 10 80 93 E6 E7 00 0F 40 00 00 00 09 0C 07 E1 09 0E 04 15 23 0A FF 80 00 00 02 0D 09 07 4B 46 4D 5F 30 30 31 09 10 36 39 37 30 36 33 31 34 30 31 37 35 33 39 38 35 09 08 4D 41 33 30 34 48 33 45 06 00 00 03 04 06 00 00 00 00 06 00 00 00 00 06 00 00 00 B0 06 00 00 07 B5 06 00 00 07 98 06 00 00 0A 30 06 00 00 09 5D 06 00 00 00 00 06 00 00 09 67 69 E6 7E 
7E A0 27 01 02 01 10 5A 87 E6 E7 00 0F 40 00 00 00 09 0C 07 E1 09 0E 04 15 23 0C FF 80 00 00 02 01 06 00 00 03 05 27 35 7E 
7E A0 27 01 02 01 10 5A 87 E6 E7 00 0F 40 00 00 00 09 0C 07 E1 09 0E 04 15 23 0E FF 80 00 00 02 01 06 00 00 03 0A 6B CF 7E 
7E A0 27 01 02 01 10 5A 87 E6 E7 00 0F 40 00 00 00 09 0C 07 E1 09 0E 04 15 23 10 FF 80 00 00 02 01 06 00 00 03 07 77 0C 7E 
7E A0 27 01 02 01 10 5A 87 E6 E7 00 0F 40 00 00 00 09 0C 07 E1 09 0E 04 15 23 12 FF 80 00 00 02 01 06 00 00 03 07 CC 0E 7E 
7E A0 79 01 02 01 10 80 93 E6 E7 00 0F 40 00 00 00 09 0C 07 E1 09 0E 04 15 23 14 FF 80 00 00 02 0D 09 07 4B 46 4D 5F 30 30 31 09 10 36 39 37 30 36 33 31 34 30 31 37 35 33 39 38 35 09 08 4D 41 33 30 34 48 33 45 06 00 00 03 07 06 00 00 00 00 06 00 00 00 00 06 00 00 00 B0 06 00 00 07 BC 06 00 00 07 99 06 00 00 0A 3A 06 00 00 09 5F 06 00 00 00 00 06 00 00 09 67 7A 50 7E 
7E A0 27 01 02 01 10 5A 87 E6 E7 00 0F 40 00 00 00 09 0C 07 E1 09 0E 04 15 23 16 FF 80 00 00 02 01 06 00 00 03 04 21 39 7E 
7E A0 27 01 02 01 10 5A 87 E6 E7 00 0F 40 00 00 00 09 0C 07 E1 09 0E 04 15 23 18 FF 80 00 00 02 01 06 00 00 03 04 00 34 7E 
7E A0 27 01 02 01 10 5A 87 E6 E7 00 0F 40 00 00 00 09 0C 07 E1 09 0E 04 15 23 1A FF 80 00 00 02 01 06 00 00 03 07 20 04 7E 
7E A0 27 01 02 01 10 5A 87 E6 E7 00 0F 40 00 00 00 09 0C 07 E1 09 0E 04 15 23 1C FF 80 00 00 02 01 06 00 00 03 0C 3E BD 7E 
7E A0 79 01 02 01 10 80 93 E6 E7 00 0F 40 00 00 00 09 0C 07 E1 09 0E 04 15 23 1E FF 80 00 00 02 0D 09 07 4B 46 4D 5F 30 30 31 09 10 36 39 37 30 36 33 31 34 30 31 37 35 33 39 38 35 09 08 4D 41 33 30 34 48 33 45 06 00 00 03 08 06 00 00 00 00 06 00 00 00 00 06 00 00 00 AF 06 00 00 07 BC 06 00 00 07 99 06 00 00 0A 3D 06 00 00 09 5E 06 00 00 00 00 06 00 00 09 68 A2 19 7E 
7E A0 27 01 02 01 10 5A 87 E6 E7 00 0F 40 00 00 00 09 0C 07 E1 09 0E 04 15 23 20 FF 80 00 00 02 01 06 00 00 03 0C CC 8C 7E 
7E A0 27 01 02 01 10 5A 87 E6 E7 00 0F 40 00 00 00 09 0C 07 E1 09 0E 04 15 23 22 FF 80 00 00 02 01 06 00 00 03 09 DA D9 7E 
7E A0 27 01 02 01 10 5A 87 E6 E7 00 0F 40 00 00 00 09 0C 07 E1 09 0E 04 15 23 24 FF 80 00 00 02 01 06 00 00 03 0A 8C EC 7E 