E6 E7 00 0F 40 00 00 00 09 0C 07 E1 09 12 01 14 05 36 FF 80 00 00 02 01 06 00 00 03 89 
E6 E7 00 0F 40 00 00 00 09 0C 07 E1 09 12 01 14 05 38 FF 80 00 00 02 01 06 00 00 03 87 
E6 E7 00 0F 40 00 00 00 09 0C 07 E1 09 12 01 14 05 3A FF 80 00 00 02 01 06 00 00 03 8A 
E6 E7 00 0F 40 00 00 00 09 0C 07 E1 09 12 01 14 06 00 FF 80 00 00 02 0D 09 07 4B 46 4D 5F 30 30 31 09 10 36 39 37 30 36 33 31 34 30 31 37 35 33 39 38 35 09 08 4D 41 33 30 34 48 33 45 06 00 00 03 8B 06 00 00 00 00 06 00 00 00 00 06 00 00 00 9F 06 00 00 06 CE 06 00 00 0A 54 06 00 00 0C 3B 06 00 00 09 6B 06 00 00 00 00 06 00 00 09 73 
E6 E7 00 0F 40 00 00 00 09 0C 07 E1 09 12 01 14 06 02 FF 80 00 00 02 01 06 00 00 03 8E 
E6 E7 00 0F 40 00 00 00 09 0C 07 E1 09 12 01 14 06 04 FF 80 00 00 02 01 06 00 00 03 8D 
E6 E7 00 0F 40 00 00 00 09 0C 07 E1 09 12 01 14 06 06 FF 80 00 00 02 01 06 00 00 03 89 
E6 E7 00 0F 40 00 00 00 09 0C 07 E1 09 12 01 14 06 08 FF 80 00 00 02 01 06 00 00 03 89 
E6 E7 00 0F 40 00 00 00 09 0C 07 E1 09 12 01 14 06 0A FF 80 00 00 02 0D 09 07 4B 46 4D 5F 30 30 31 09 10 36 39 37 30 36 33 31 34 30 31 37 35 33 39 38 35 09 08 4D 41 33 30 34 48 33 45 06 00 00 03 8A 06 00 00 00 00 06 00 00 00 00 06 00 00 00 A0 06 00 00 06 C7 06 00 00 0A 5B 06 00 00 0C 39 06 00 00 09 6A 06 00 00 00 00 06 00 00 09 70 
E6 E7 00 0F 40 00 00 00 09 0C 07 E1 09 12 01 14 06 0C FF 80 00 00 02 01 06 00 00 03 8D 
E6 E7 00 0F 40 00 00 00 09 0C 07 E1 09 12 01 14 06 0E FF 80 00 00 02 01 06 00 00 03 88 
E6 E7 00 0F 40 00 00 00 09 0C 07 E1 09 12 01 14 06 10 FF 80 00 00 02 01 06 00 00 03 89 
E6 E7 00 0F 40 00 00 00 09 0C 07 E1 09 12 01 14 06 12 FF 80 00 00 02 01 06 00 00 03 88 
E6 E7 00 0F 40 00 00 00 09 0C 07 E1 09 12 01 14 06 14 FF 80 00 00 02 0D 09 07 4B 46 4D 5F 30 30 31 09 10 36 39 37 30 36 33 31 34 30 31 37 35 33 39 38 35 09 08 4D 41 33 30 34 48 33 45 06 00 00 03 87 06 00 00 00 00 06 00 00 00 00 06 00 00 00 A0 06 00 00 06 BE 06 00 00 0A 5A 06 00 00 0C 2D 06 00 00 09 6A 06 00 00 00 00 06 00 00 09 73 
E6 E7 00 0F 40 00 00 00 09 0C 07 E1 09 12 01 14 06 16 FF 80 00 00 02 01 06 00 00 03 8C 
E6 E7 00 0F 40 00 00 00 09 0C 07 E1 09 12 01 14 06 18 FF 80 00 00 02 01 06 00 00 03 C3 
E6 E7 00 0F 40 00 00 00 09 0C 07 E1 09 12 01 14 06 1A FF 80 00 00 02 01 06 00 00 03 C1 
E6 E7 00 0F 40 00 00 00 09 0C 07 E1 09 12 01 14 06 1C FF 80 00 00 02 01 06 00 00 03 C6 
E6 E7 00 0F 40 00 00 00 09 0C 07 E1 09 12 01 14 06 1E FF 80 00 00 02 0D 09 07 4B 46 4D 5F 30 30 31 09 10 36 39 37 30 36 33 31 34 30 31 37 35 33 39 38 35 09 08 4D 41 33 30 34 48 33 45 06 00 00 03 C0 06 00 00 00 00 06 00 00 00 00 06 00 00 00 97 06 00 00 06 BD 06 00 00 0B 3F 06 00 00 0C DF 06 00 00 09 6B 06 00 00 00 00 06 00 00 09 73 
E6 E7 00 0F 40 00 00 00 09 0C 07 E1 09 12 01 14 06 20 FF 80 00 00 02 01 06 00 00 03 BF 
E6 E7 00 0F 40 00 00 00 09 0C 07 E1 09 12 01 14 06 22 FF 80 00 00 02 01 06 00 00 03 C1 
E6 E7 00 0F 40 00 00 00 09 0C 07 E1 09 12 01 14 06 24 FF 80 00 00 02 01 06 00 00 03 CA 
E6 E7 00 0F 40 00 00 00 09 0C 07 E1 09 12 01 14 06 26 FF 80 00 00 02 01 06 00 00 03 C2 
E6 E7 00 0F 40 00 00 00 09 0C 07 E1 09 12 01 14 06 28 FF 80 00 00 02 0D 09 07 4B 46 4D 5F 30 30 31 09 10 36 39 37 30 36 33 31 34 30 31 37 35 33 39 38 35 09 08 4D 41 33 30 34 48 33 45 06 00 00 03 C3 06 00 00 00 00 06 00 00 00 00 06 00 00 00 95 06 00 00 06 C6 06 00 00 0B 42 06 00 00 0C EB 06 00 00 09 68 06 00 00 00 00 06 00 00 09 70 
E6 E7 00 0F 40 00 00 00 09 0C 07 E1 09 12 01 14 06 2A FF 80 00 00 02 01 06 00 00 03 C1 
E6 E7 00 0F 40 00 00 00 09 0C 07 E1 09 12 01 14 06 2C FF 80 00 00 02 01 06 00 00 03 C1 
E6 E7 00 0F 40 00 00 00 09 0C 07 E1 09 12 01 14 06 2E FF 80 00 00 02 01 06 00 00 03 C2 
E6 E7 00 0F 40 00 00 00 09 0C 07 E1 09 12 01 14 06 30 FF 80 00 00 02 01 06 00 00 03 C2 
E6 E7 00 0F 40 00 00 00 09 0C 07 E1 09 12 01 14 06 32 FF 80 00 00 02 0D 09 07 4B 46 4D 5F 30 30 31 09 10 36 39 37 30 36 33 31 34 30 31 37 35 33 39 38 35 09 08 4D 41 33 30 34 48 33 45 06 00 00 03 C2 06 00 00 00 00 06 00 00 00 00 06 00 00 00 95 06 00 00 06 C4 06 00 00 0B 3E 06 00 00 0C EA 06 00 00 09 69 06 00 00 00 00 06 00 00 09 72 
E6 E7 00 0F 40 00 00 00 09 0C 07 E1 09 12 01 14 06 34 FF 80 00 00 02 01 06 00 00 03 C4 
E6 E7 00 0F 40 00 00 00 09 0C 07 E1 09 12 01 14 06 36 FF 80 00 00 02 01 06 00 00 03 C5 
E6 E7 00 0F 40 00 00 00 09 0C 07 E1 09 12 01 14 06 38 FF 80 00 00 02 01 06 00 00 03 C1 
E6 E7 00 0F 40 00 00 00 09 0C 07 E1 09 12 01 14 07 00 FF 80 00 00 02 0D 09 07 4B 46 4D 5F 30 30 31 09 10 36 39 37 30 36 33 31 34 30 31 37 35 33 39 38 35 09 08 4D 41 33 30 34 48 33 45 06 00 00 04 28 06 00 00 00 00 06 00 00 00 50 06 00 00 00 00 06 00 00 06 D5 06 00 00 0D 64 06 00 00 0D 96 06 00 00 09 69 06 00 00 00 00 06 00 00 09 73 
E6 E7 00 0F 40 00 00 00 09 0C 07 E1 09 12 01 14 07 02 FF 80 00 00 02 01 06 00 00 04 2F 
E6 E7 00 0F 40 00 00 00 09 0C 07 E1 09 12 01 14 07 04 FF 80 00 00 02 01 06 00 00 04 2C 
E6 E7 00 0F 40 00 00 00 09 0C 07 E1 09 12 01 14 07 06 FF 80 00 00 02 01 06 00 00 04 2C 
E6 E7 00 0F 40 00 00 00 09 0C 07 E1 09 12 01 14 07 08 FF 80 00 00 02 01 06 00 00 04 27 
E6 E7 00 0F 40 00 00 00 09 0C 07 E1 09 12 01 14 07 0A FF 80 00 00 02 0D 09 07 4B 46 4D 5F 30 30 31 09 10 36 39 37 30 36 33 31 34 30 31 37 35 33 39 38 35 09 08 4D 41 33 30 34 48 33 45 06 00 00 04 2A 06 00 00 00 00 06 00 00 00 47 06 00 00 00 00 06 00 00 06 C9 06 00 00 0D 6D 06 00 00 0D 99 06 00 00 09 68 06 00 00 00 00 06 00 00 09 72 
E6 E7 00 0F 40 00 00 00 09 0C 07 E1 09 12 01 14 07 0C FF 80 00 00 02 01 06 00 00 04 2C 
E6 E7 00 0F 40 00 00 00 09 0C 07 E1 09 12 01 14 07 0E FF 80 00 00 02 01 06 00 00 04 2A 
E6 E7 00 0F 40 00 00 00 09 0C 07 E1 09 12 01 14 07 10 FF 80 00 00 02 01 06 00 00 04 2E 
E6 E7 00 0F 40 00 00 00 09 0C 07 E1 09 12 01 14 07 12 FF 80 00 00 02 01 06 00 00 04 2D 
E6 E7 00 0F 40 00 00 00 09 0C 07 E1 09 12 01 14 07 14 FF 80 00 00 02 0D 09 07 4B 46 4D 5F 30 30 31 09 10 36 39 37 30 36 33 31 34 30 31 37 35 33 39 38 35 09 08 4D 41 33 30 34 48 33 45 06 00 00 04 29 06 00 00 00 00 06 00 00 00 44 06 00 00 00 00 06 00 00 06 C5 06 00 00 0D 72 06 00 00 0D 9C 06 00 00 09 66 06 00 00 00 00 06 00 00 09 6F 
E6 E7 00 0F 40 00 00 00 09 0C 07 E1 09 12 01 14 07 16 FF 80 00 00 02 01 06 00 00 04 2B 
E6 E7 00 0F 40 00 00 00 09 0C 07 E1 09 12 01 14 07 18 FF 80 00 00 02 01 06 00 00 04 2A 
E6 E7 00 0F 40 00 00 00 09 0C 07 E1 09 12 01 14 07 1A FF 80 00 00 02 01 06 00 00 04 2B 
E6 E7 00 0F 40 00 00 00 09 0C 07 E1 09 12 01 14 07 1C FF 80 00 00 02 01 06 00 00 04 2E 
E6 E7 00 0F 40 00 00 00 09 0C 07 E1 09 12 01 14 07 1E FF 80 00 00 02 0D 09 07 4B 46 4D 5F 30 30 31 09 10 36 39 37 30 36 33 31 34 30 31 37 35 33 39 38 35 09 08 4D 41 33 30 34 48 33 45 06 00 00 04 2C 06 00 00 00 00 06 00 00 00 43 06 00 00 00 00 06 00 00 06 CD 06 00 00 0D 71 06 00 00 0D A7 06 00 00 09 65 06 00 00 00 00 06 00 00 09 6E 
E6 E7 00 0F 40 00 00 00 09 0C 07 E1 09 12 01 14 07 20 FF 80 00 00 02 01 06 00 00 04 2E 
E6 E7 00 0F 40 00 00 00 09 0C 07 E1 09 12 01 14 07 22 FF 80 00 00 02 01 06 00 00 04 2D 
E6 E7 00 0F 40 00 00 00 09 0C 07 E1 09 12 01 14 07 24 FF 80 00 00 02 01 06 00 00 04 41 
E6 E7 00 0F 40 00 00 00 09 0C 07 E1 09 12 01 14 07 26 FF 80 00 00 02 01 06 00 00 04 39 
E6 E7 00 0F 40 00 00 00 09 0C 07 E1 09 12 01 14 07 28 FF 80 00 00 02 0D 09 07 4B 46 4D 5F 30 30 31 09 10 36 39 37 30 36 33 31 34 30 31 37 35 33 39 38 35 09 08 4D 41 33 30 34 48 33 45 06 00 00 04 43 06 00 00 00 00 06 00 00 00 48 06 00 00 00 00 06 00 00 07 07 06 00 00 0D 75 06 00 00 0D EA 06 00 00 09 6C 06 00 00 00 00 06 00 00 09 75 
E6 E7 00 0F 40 00 00 00 09 0C 07 E1 09 12 01 14 07 2A FF 80 00 00 02 01 06 00 00 04 33 
E6 E7 00 0F 40 00 00 00 09 0C 07 E1 09 12 01 14 07 2C FF 80 00 00 02 01 06 00 00 04 43 
E6 E7 00 0F 40 00 00 00 09 0C 07 E1 09 12 01 14 07 2E FF 80 00 00 02 01 06 00 00 04 42 
E6 E7 00 0F 40 00 00 00 09 0C 07 E1 09 12 01 14 07 30 FF 80 00 00 02 01 06 00 00 04 38 
E6 E7 00 0F 40 00 00 00 09 0C 07 E1 09 12 01 14 07 32 FF 80 00 00 02 0D 09 07 4B 46 4D 5F 30 30 31 09 10 36 39 37 30 36 33 31 34 30 31 37 35 33 39 38 35 09 08 4D 41 33 30 34 48 33 45 06 00 00 04 32 06 00 00 00 00 06 00 00 00 3F 06 00 00 00 00 06 00 00 06 D4 06 00 00 0D 75 06 00 00 0D B5 06 00 00 09 66 06 00 00 00 00 06 00 00 09 70 
E6 E7 00 0F 40 00 00 00 09 0C 07 E1 09 12 01 14 07 34 FF 80 00 00 02 01 06 00 00 04 30 
E6 E7 00 0F 40 00 00 00 09 0C 07 E1 09 12 01 14 07 36 FF 80 00 00 02 01 06 00 00 04 30 
E6 E7 00 0F 40 00 00 00 09 0C 07 E1 09 12 01 14 07 38 FF 80 00 00 02 01 06 00 00 04 31 
E6 E7 00 0F 40 00 00 00 09 0C 07 E1 09 12 01 14 07 3A FF 80 00 00 02 01 06 00 00 04 33 
E6 E7 00 0F 40 00 00 00 09 0C 07 E1 09 12 01 14 08 00 FF 80 00 00 02 0D 09 07 4B 46 4D 5F 30 30 31 09 10 36 39 37 30 36 33 31 34 30 31 37 35 33 39 38 35 09 08 4D 41 33 30 34 48 33 45 06 00 00 04 4B 06 00 00 00 00 06 00 00 00 48 06 00 00 00 00 06 00 00 07 16 06 00 00 0D 79 06 00 00 0E 02 06 00 00 09 68 06 00 00 00 00 06 00 00 09 73 
E6 E7 00 0F 40 00 00 00 09 0C 07 E1 09 12 01 14 08 02 FF 80 00 00 02 01 06 00 00 04 2E 
E6 E7 00 0F 40 00 00 00 09 0C 07 E1 09 12 01 14 08 04 FF 80 00 00 02 01 06 00 00 04 2D 
E6 E7 00 0F 40 00 00 00 09 0C 07 E1 09 12 01 14 08 06 FF 80 00 00 02 01 06 00 00 04 2B 
E6 E7 00 0F 40 00 00 00 09 0C 07 E1 09 12 01 14 08 08 FF 80 00 00 02 01 06 00 00 04 2E 
E6 E7 00 0F 40 00 00 00 09 0C 07 E1 09 12 01 14 08 0A FF 80 00 00 02 0D 09 07 4B 46 4D 5F 30 30 31 09 10 36 39 37 30 36 33 31 34 30 31 37 35 33 39 38 35 09 08 4D 41 33 30 34 48 33 45 06 00 00 04 4A 06 00 00 00 00 06 00 00 00 46 06 00 00 00 00 06 00 00 07 1C 06 00 00 0D 75 06 00 00 0E 07 06 00 00 09 67 06 00 00 00 00 06 00 00 09 71 
E6 E7 00 0F 40 00 00 00 09 0C 07 E1 09 12 01 14 08 0C FF 80 00 00 02 01 06 00 00 04 46 
E6 E7 00 0F 40 00 00 00 09 0C 07 E1 09 12 01 14 08 0E FF 80 00 00 02 01 06 00 00 04 50 
E6 E7 00 0F 40 00 00 00 09 0C 07 E1 09 12 01 14 08 10 FF 80 00 00 02 01 06 00 00 04 55 
E6 E7 00 0F 40 00 00 00 09 0C 07 E1 09 12 01 14 08 12 FF 80 00 00 02 01 06 00 00 04 42 
E6 E7 00 0F 40 00 00 00 09 0C 07 E1 09 12 01 14 08 14 FF 80 00 00 02 0D 09 07 4B 46 4D 5F 30 30 31 09 10 36 39 37 30 36 33 31 34 30 31 37 35 33 39 38 35 09 08 4D 41 33 30 34 48 33 45 06 00 00 04 2F 06 00 00 00 00 06 00 00 00 40 06 00 00 00 00 06 00 00 06 CC 06 00 00 0D 6C 06 00 00 0D A3 06 00 00 09 6A 06 00 00 00 00 06 00 00 09 74 
E6 E7 00 0F 40 00 00 00 09 0C 07 E1 09 12 01 14 08 16 FF 80 00 00 02 01 06 00 00 04 31 
E6 E7 00 0F 40 00 00 00 09 0C 07 E1 09 12 01 14 08 18 FF 80 00 00 02 01 06 00 00 04 30 
E6 E7 00 0F 40 00 00 00 09 0C 07 E1 09 12 01 14 08 1A FF 80 00 00 02 01 06 00 00 04 31 
E6 E7 00 0F 40 00 00 00 09 0C 07 E1 09 12 01 14 08 1C FF 80 00 00 02 01 06 00 00 04 42 
E6 E7 00 0F 40 00 00 00 09 0C 07 E1 09 12 01 14 08 1E FF 80 00 00 02 0D 09 07 4B 46 4D 5F 30 30 31 09 10 36 39 37 30 36 33 31 34 30 31 37 35 33 39 38 35 09 08 4D 41 33 30 34 48 33 45 06 00 00 04 42 06 00 00 00 00 06 00 00 00 44 06 00 00 00 00 06 00 00 07 05 06 00 00 0D 75 06 00 00 0D EB 06 00 00 09 69 06 00 00 00 00 06 00 00 09 73 
E6 E7 00 0F 40 00 00 00 09 0C 07 E1 09 12 01 14 08 20 FF 80 00 00 02 01 06 00 00 04 40 
E6 E7 00 0F 40 00 00 00 09 0C 07 E1 09 12 01 14 08 22 FF 80 00 00 02 01 06 00 00 04 44 
E6 E7 00 0F 40 00 00 00 09 0C 07 E1 09 12 01 14 08 24 FF 80 00 00 02 01 06 00 00 04 44 
E6 E7 00 0F 40 00 00 00 09 0C 07 E1 09 12 01 14 08 26 FF 80 00 00 02 01 06 00 00 04 50 
E6 E7 00 0F 40 00 00 00 09 0C 07 E1 09 12 01 14 08 28 FF 80 00 00 02 0D 09 07 4B 46 4D 5F 30 30 31 09 10 36 39 37 30 36 33 31 34 30 31 37 35 33 39 38 35 09 08 4D 41 33 30 34 48 33 45 06 00 00 04 48 06 00 00 00 00 06 00 00 00 45 06 00 00 00 00 06 00 00 07 10 06 00 00 0D 77 06 00 00 0D FC 06 00 00 09 69 06 00 00 00 00 06 00 00 09 73 
E6 E7 00 0F 40 00 00 00 09 0C 07 E1 09 12 01 14 08 2A FF 80 00 00 02 01 06 00 00 04 4B 
E6 E7 00 0F 40 00 00 00 09 0C 07 E1 09 12 01 14 08 2C FF 80 00 00 02 01 06 00 00 04 47 
E6 E7 00 0F 40 00 00 00 09 0C 07 E1 09 12 01 14 08 2E FF 80 00 00 02 01 06 00 00 04 47 
E6 E7 00 0F 40 00 00 00 09 0C 07 E1 09 12 01 14 08 30 FF 80 00 00 02 01 06 00 00 04 43 
E6 E7 00 0F 40 00 00 00 09 0C 07 E1 09 12 01 14 08 32 FF 80 00 00 02 0D 09 07 4B 46 4D 5F 30 30 31 09 10 36 39 37 30 36 33 31 34 30 31 37 35 33 39 38 35 09 08 4D 41 33 30 34 48 33 45 06 00 00 04 3F 06 00 00 00 00 06 00 00 00 43 06 00 00 00 00 06 00 00 07 08 06 00 00 0D 7D 06 00 00 0D F9 06 00 00 09 68 06 00 00 00 00 06 00 00 09 70 
E6 E7 00 0F 40 00 00 00 09 0C 07 E1 09 12 01 14 08 34 FF 80 00 00 02 01 06 00 00 04 2E 
E6 E7 00 0F 40 00 00 00 09 0C 07 E1 09 12 01 14 08 36 FF 80 00 00 02 01 06 00 00 04 31 
E6 E7 00 0F 40 00 00 00 09 0C 07 E1 09 12 01 14 08 38 FF 80 00 00 02 01 06 00 00 04 34 
E6 E7 00 0F 40 00 00 00 09 0C 07 E1 09 12 01 14 08 3A FF 80 00 00 02 01 06 00 00 04 2E 
E6 E7 00 0F 40 00 00 00 09 0C 07 E1 09 12 01 14 09 00 FF 80 00 00 02 0D 09 07 4B 46 4D 5F 30 30 31 09 10 36 39 37 30 36 33 31 34 30 31 37 35 33 39 38 35 09 08 4D 41 33 30 34 48 33 45 06 00 00 04 30 06 00 00 00 00 06 00 00 00 3F 06 00 00 00 00 06 00 00 06 D0 06 00 00 0D 79 06 00 00 0D B8 06 00 00 09 6A 06 00 00 00 00 06 00 00 09 72 
E6 E7 00 0F 40 00 00 00 09 0C 07 E1 09 12 01 14 09 02 FF 80 00 00 02 01 06 00 00 04 2F 
E6 E7 00 0F 40 00 00 00 09 0C 07 E1 09 12 01 14 09 04 FF 80 00 00 02 01 06 00 00 04 38 
E6 E7 00 0F 40 00 00 00 09 0C 07 E1 09 12 01 14 09 06 FF 80 00 00 02 01 06 00 00 04 35 
E6 E7 00 0F 40 00 00 00 09 0C 07 E1 09 12 01 14 09 08 FF 80 00 00 02 01 06 00 00 04 2F 
E6 E7 00 0F 40 00 00 00 09 0C 07 E1 09 12 01 14 09 0A FF 80 00 00 02 0D 09 07 4B 46 4D 5F 30 30 31 09 10 36 39 37 30 36 33 31 34 30 31 37 35 33 39 38 35 09 08 4D 41 33 30 34 48 33 45 06 00 00 04 2F 06 00 00 00 00 06 00 00 00 3E 06 00 00 00 00 06 00 00 06 C9 06 00 00 0D 79 06 00 00 0D B3 06 00 00 09 6A 06 00 00 00 00 06 00 00 09 73 
E6 E7 00 0F 40 00 00 00 09 0C 07 E1 09 12 01 14 09 0C FF 80 00 00 02 01 06 00 00 04 32 
E6 E7 00 0F 40 00 00 00 09 0C 07 E1 09 12 01 14 09 0E FF 80 00 00 02 01 06 00 00 04 35 
E6 E7 00 0F 40 00 00 00 09 0C 07 E1 09 12 01 14 09 10 FF 80 00 00 02 01 06 00 00 04 3B 
E6 E7 00 0F 40 00 00 00 09 0C 07 E1 09 12 01 14 09 12 FF 80 00 00 02 01 06 00 00 04 34 
E6 E7 00 0F 40 00 00 00 09 0C 07 E1 09 12 01 14 09 14 FF 80 00 00 02 0D 09 07 4B 46 4D 5F 30 30 31 09 10 36 39 37 30 36 33 31 34 30 31 37 35 33 39 38 35 09 08 4D 41 33 30 34 48 33 45 06 00 00 04 32 06 00 00 00 00 06 00 00 00 3D 06 00 00 00 00 06 00 00 06 D5 06 00 00 0D 7D 06 00 00 0D BF 06 00 00 09 69 06 00 00 00 00 06 00 00 09 73 
E6 E7 00 0F 40 00 00 00 09 0C 07 E1 09 12 01 14 09 16 FF 80 00 00 02 01 06 00 00 04 2F 
E6 E7 00 0F 40 00 00 00 09 0C 07 E1 09 12 01 14 09 18 FF 80 00 00 02 01 06 00 00 04 2E 
E6 E7 00 0F 40 00 00 00 09 0C 07 E1 09 12 01 14 09 1A FF 80 00 00 02 01 06 00 00 04 31 
E6 E7 00 0F 40 00 00 00 09 0C 07 E1 09 12 01 14 09 1C FF 80 00 00 02 01 06 00 00 04 2C 
E6 E7 00 0F 40 00 00 00 09 0C 07 E1 09 12 01 14 09 1E FF 80 00 00 02 0D 09 07 4B 46 4D 5F 30 30 31 09 10 36 39 37 30 36 33 31 34 30 31 37 35 33 39 38 35 09 08 4D 41 33 30 34 48 33 45 06 00 00 04 39 06 00 00 00 00 06 00 00 00 3A 06 00 00 00 00 06 00 00 06 D1 06 00 00 0D A2 06 00 00 0D E2 06 00 00 09 67 06 00 00 00 00 06 00 00 09 70 
E6 E7 00 0F 40 00 00 00 09 0C 07 E1 09 12 01 14 09 20 FF 80 00 00 02 01 06 00 00 04 3F 
E6 E7 00 0F 40 00 00 00 09 0C 07 E1 09 12 01 14 09 22 FF 80 00 00 02 01 06 00 00 04 31 
E6 E7 00 0F 40 00 00 00 09 0C 07 E1 09 12 01 14 09 24 FF 80 00 00 02 01 06 00 00 04 3F 
E6 E7 00 0F 40 00 00 00 09 0C 07 E1 09 12 01 14 09 26 FF 80 00 00 02 01 06 00 00 04 2F 
E6 E7 00 0F 40 00 00 00 09 0C 07 E1 09 12 01 14 09 28 FF 80 00 00 02 0D 09 07 4B 46 4D 5F 30 30 31 09 10 36 39 37 30 36 33 31 34 30 31 37 35 33 39 38 35 09 08 4D 41 33 30 34 48 33 45 06 00 00 04 32 06 00 00 00 00 06 00 00 00 3C 06 00 00 00 00 06 00 00 06 D1 06 00 00 0D 7E 06 00 00 0D BC 06 00 00 09 6A 06 00 00 00 00 06 00 00 09 72 
E6 E7 00 0F 40 00 00 00 09 0C 07 E1 09 12 01 14 09 2A FF 80 00 00 02 01 06 00 00 04 30 
E6 E7 00 0F 40 00 00 00 09 0C 07 E1 09 12 01 14 09 2C FF 80 00 00 02 01 06 00 00 04 2E 
E6 E7 00 0F 40 00 00 00 09 0C 07 E1 09 12 01 14 09 2E FF 80 00 00 02 01 06 00 00 04 32 
E6 E7 00 0F 40 00 00 00 09 0C 07 E1 09 12 01 14 09 30 FF 80 00 00 02 01 06 00 00 04 31 
E6 E7 00 0F 40 00 00 00 09 0C 07 E1 09 12 01 14 09 32 FF 80 00 00 02 0D 09 07 4B 46 4D 5F 30 30 31 09 10 36 39 37 30 36 33 31 34 30 31 37 35 33 39 38 35 09 08 4D 41 33 30 34 48 33 45 06 00 00 04 2F 06 00 00 00 00 06 00 00 00 3A 06 00 00 00 00 06 00 00 06 C8 06 00 00 0D 7A 06 00 00 0D B2 06 00 00 09 6B 06 00 00 00 00 06 00 00 09 73 
E6 E7 00 0F 40 00 00 00 09 0C 07 E1 09 12 01 14 09 34 FF 80 00 00 02 01 06 00 00 04 2F 
E6 E7 00 0F 40 00 00 00 09 0C 07 E1 09 12 01 14 09 36 FF 80 00 00 02 01 06 00 00 04 32 
E6 E7 00 0F 40 00 00 00 09 0C 07 E1 09 12 01 14 09 38 FF 80 00 00 02 01 06 00 00 04 31 
E6 E7 00 0F 40 00 00 00 09 0C 07 E1 09 12 01 14 09 3A FF 80 00 00 02 01 06 00 00 04 42 
E6 E7 00 0F 40 00 00 00 09 0C 07 E1 09 12 01 14 0A 00 FF 80 00 00 02 0D 09 07 4B 46 4D 5F 30 30 31 09 10 36 39 37 30 36 33 31 34 30 31 37 35 33 39 38 35 09 08 4D 41 33 30 34 48 33 45 06 00 00 04 39 06 00 00 00 00 06 00 00 00 3C 06 00 00 00 00 06 00 00 06 FF 06 00 00 0D 6E 06 00 00 0D CF 06 00 00 09 6A 06 00 00 00 00 06 00 00 09 72 
E6 E7 00 0F 40 00 00 00 09 0C 07 E1 09 12 01 14 0A 02 FF 80 00 00 02 01 06 00 00 04 34 
E6 E7 00 0F 40 00 00 00 09 0C 07 E1 09 12 01 14 0A 04 FF 80 00 00 02 01 06 00 00 04 2F 
E6 E7 00 0F 40 00 00 00 09 0C 07 E1 09 12 01 14 0A 06 FF 80 00 00 02 01 06 00 00 04 32 
E6 E7 00 0F 40 00 00 00 09 0C 07 E1 09 12 01 14 0A 08 FF 80 00 00 02 01 06 00 00 04 3A 
E6 E7 00 0F 40 00 00 00 09 0C 07 E1 09 12 01 14 0A 0A FF 80 00 00 02 0D 09 07 4B 46 4D 5F 30 30 31 09 10 36 39 37 30 36 33 31 34 30 31 37 35 33 39 38 35 09 08 4D 41 33 30 34 48 33 45 06 00 00 04 36 06 00 00 00 00 06 00 00 00 3B 06 00 00 00 00 06 00 00 06 EC 06 00 00 0D 76 06 00 00 0D D7 06 00 00 09 69 06 00 00 00 00 06 00 00 09 70 
E6 E7 00 0F 40 00 00 00 09 0C 07 E1 09 12 01 14 0A 0C FF 80 00 00 02 01 06 00 00 04 33 
E6 E7 00 0F 40 00 00 00 09 0C 07 E1 09 12 01 14 0A 0E FF 80 00 00 02 01 06 00 00 04 2D 
E6 E7 00 0F 40 00 00 00 09 0C 07 E1 09 12 01 14 0A 10 FF 80 00 00 02 01 06 00 00 04 2E 
E6 E7 00 0F 40 00 00 00 09 0C 07 E1 09 12 01 14 0A 12 FF 80 00 00 02 01 06 00 00 04 2D 
E6 E7 00 0F 40 00 00 00 09 0C 07 E1 09 12 01 14 0A 14 FF 80 00 00 02 0D 09 07 4B 46 4D 5F 30 30 31 09 10 36 39 37 30 36 33 31 34 30 31 37 35 33 39 38 35 09 08 4D 41 33 30 34 48 33 45 06 00 00 04 2D 06 00 00 00 00 06 00 00 00 39 06 00 00 00 00 06 00 00 06 CA 06 00 00 0D 7A 06 00 00 0D B7 06 00 00 09 68 06 00 00 00 00 06 00 00 09 6F 
E6 E7 00 0F 40 00 00 00 09 0C 07 E1 09 12 01 14 0A 16 FF 80 00 00 02 01 06 00 00 04 2F 
E6 E7 00 0F 40 00 00 00 09 0C 07 E1 09 12 01 14 0A 18 FF 80 00 00 02 01 06 00 00 04 39 
E6 E7 00 0F 40 00 00 00 09 0C 07 E1 09 12 01 14 0A 1A FF 80 00 00 02 01 06 00 00 04 2D 
E6 E7 00 0F 40 00 00 00 09 0C 07 E1 09 12 01 14 0A 1C FF 80 00 00 02 01 06 00 00 04 37 
E6 E7 00 0F 40 00 00 00 09 0C 07 E1 09 12 01 14 0A 1E FF 80 00 00 02 0D 09 07 4B 46 4D 5F 30 30 31 09 10 36 39 37 30 36 33 31 34 30 31 37 35 33 39 38 35 09 08 4D 41 33 30 34 48 33 45 06 00 00 04 2E 06 00 00 00 00 06 00 00 00 3A 06 00 00 00 00 06 00 00 06 D1 06 00 00 0D 77 06 00 00 0D BE 06 00 00 09 67 06 00 00 00 00 06 00 00 09 6E 
E6 E7 00 0F 40 00 00 00 09 0C 07 E1 09 12 01 14 0A 20 FF 80 00 00 02 01 06 00 00 04 31 
E6 E7 00 0F 40 00 00 00 09 0C 07 E1 09 12 01 14 0A 22 FF 80 00 00 02 01 06 00 00 04 34 
E6 E7 00 0F 40 00 00 00 09 0C 07 E1 09 12 01 14 0A 24 FF 80 00 00 02 01 06 00 00 04 2D 
E6 E7 00 0F 40 00 00 00 09 0C 07 E1 09 12 01 14 0A 26 FF 80 00 00 02 01 06 00 00 04 2B 
E6 E7 00 0F 40 00 00 00 09 0C 07 E1 09 12 01 14 0A 28 FF 80 00 00 02 0D 09 07 4B 46 4D 5F 30 30 31 09 10 36 39 37 30 36 33 31 34 30 31 37 35 33 39 38 35 09 08 4D 41 33 30 34 48 33 45 06 00 00 04 3C 06 00 00 00 00 06 00 00 00 3A 06 00 00 00 00 06 00 00 06 D0 06 00 00 0D 9F 06 00 00 0D E1 06 00 00 09 68 06 00 00 00 00 06 00 00 09 6F 
E6 E7 00 0F 40 00 00 00 09 0C 07 E1 09 12 01 14 0A 2A FF 80 00 00 02 01 06 00 00 04 2F 
E6 E7 00 0F 40 00 00 00 09 0C 07 E1 09 12 01 14 0A 2C FF 80 00 00 02 01 06 00 00 04 2F 
E6 E7 00 0F 40 00 00 00 09 0C 07 E1 09 12 01 14 0A 2E FF 80 00 00 02 01 06 00 00 04 32 
E6 E7 00 0F 40 00 00 00 09 0C 07 E1 09 12 01 14 0A 30 FF 80 00 00 02 01 06 00 00 04 31 
E6 E7 00 0F 40 00 00 00 09 0C 07 E1 09 12 01 14 0A 32 FF 80 00 00 02 0D 09 07 4B 46 4D 5F 30 30 31 09 10 36 39 37 30 36 33 31 34 30 31 37 35 33 39 38 35 09 08 4D 41 33 30 34 48 33 45 06 00 00 04 2D 06 00 00 00 00 06 00 00 00 3A 06 00 00 00 00 06 00 00 06 C5 06 00 00 0D 78 06 00 00 0D B3 06 00 00 09 6A 06 00 00 00 00 06 00 00 09 72 
E6 E7 00 0F 40 00 00 00 09 0C 07 E1 09 12 01 14 0A 34 FF 80 00 00 02 01 06 00 00 04 31 
E6 E7 00 0F 40 00 00 00 09 0C 07 E1 09 12 01 14 0A 36 FF 80 00 00 02 01 06 00 00 04 2E 
E6 E7 00 0F 40 00 00 00 09 0C 07 E1 09 12 01 14 0A 38 FF 80 00 00 02 01 06 00 00 04 31 
E6 E7 00 0F 40 00 00 00 09 0C 07 E1 09 12 01 14 0A 3A FF 80 00 00 02 01 06 00 00 04 34 
E6 E7 00 0F 40 00 00 00 09 0C 07 E1 09 12 01 14 0B 00 FF 80 00 00 02 0D 09 07 4B 46 4D 5F 30 30 31 09 10 36 39 37 30 36 33 31 34 30 31 37 35 33 39 38 35 09 08 4D 41 33 30 34 48 33 45 06 00 00 04 2D 06 00 00 00 00 06 00 00 00 38 06 00 00 00 00 06 00 00 06 D0 06 00 00 0D 76 06 00 00 0D B9 06 00 00 09 69 06 00 00 00 00 06 00 00 09 6F 
E6 E7 00 0F 40 00 00 00 09 0C 07 E1 09 12 01 14 0B 02 FF 80 00 00 02 01 06 00 00 04 2F 
E6 E7 00 0F 40 00 00 00 09 0C 07 E1 09 12 01 14 0B 04 FF 80 00 00 02 01 06 00 00 04 31 
E6 E7 00 0F 40 00 00 00 09 0C 07 E1 09 12 01 14 0B 06 FF 80 00 00 02 01 06 00 00 04 34 
E6 E7 00 0F 40 00 00 00 09 0C 07 E1 09 12 01 14 0B 08 FF 80 00 00 02 01 06 00 00 04 2F 
E6 E7 00 0F 40 00 00 00 09 0C 07 E1 09 12 01 14 0B 0A FF 80 00 00 02 0D 09 07 4B 46 4D 5F 30 30 31 09 10 36 39 37 30 36 33 31 34 30 31 37 35 33 39 38 35 09 08 4D 41 33 30 34 48 33 45 06 00 00 04 2A 06 00 00 00 00 06 00 00 00 37 06 00 00 00 00 06 00 00 06 CE 06 00 00 0D 6D 06 00 00 0D AD 06 00 00 09 67 06 00 00 00 00 06 00 00 09 6E 
E6 E7 00 0F 40 00 00 00 09 0C 07 E1 09 12 01 14 0B 0C FF 80 00 00 02 01 06 00 00 04 2C 
E6 E7 00 0F 40 00 00 00 09 0C 07 E1 09 12 01 14 0B 0E FF 80 00 00 02 01 06 00 00 04 43 
E6 E7 00 0F 40 00 00 00 09 0C 07 E1 09 12 01 14 0B 10 FF 80 00 00 02 01 06 00 00 04 34 
E6 E7 00 0F 40 00 00 00 09 0C 07 E1 09 12 01 14 0B 12 FF 80 00 00 02 01 06 00 00 04 35 
E6 E7 00 0F 40 00 00 00 09 0C 07 E1 09 12 01 14 0B 14 FF 80 00 00 02 0D 09 07 4B 46 4D 5F 30 30 31 09 10 36 39 37 30 36 33 31 34 30 31 37 35 33 39 38 35 09 08 4D 41 33 30 34 48 33 45 06 00 00 04 2E 06 00 00 00 00 06 00 00 00 39 06 00 00 00 00 06 00 00 06 D7 06 00 00 0D 76 06 00 00 0D C5 06 00 00 09 67 06 00 00 00 00 06 00 00 09 6A 
E6 E7 00 0F 40 00 00 00 09 0C 07 E1 09 12 01 14 0B 16 FF 80 00 00 02 01 06 00 00 04 2C 
E6 E7 00 0F 40 00 00 00 09 0C 07 E1 09 12 01 14 0B 18 FF 80 00 00 02 01 06 00 00 04 32 
E6 E7 00 0F 40 00 00 00 09 0C 07 E1 09 12 01 14 0B 1A FF 80 00 00 02 01 06 00 00 04 2C 
E6 E7 00 0F 40 00 00 00 09 0C 07 E1 09 12 01 14 0B 1C FF 80 00 00 02 01 06 00 00 04 2F 
E6 E7 00 0F 40 00 00 00 09 0C 07 E1 09 12 01 14 0B 1E FF 80 00 00 02 0D 09 07 4B 46 4D 5F 30 30 31 09 10 36 39 37 30 36 33 31 34 30 31 37 35 33 39 38 35 09 08 4D 41 33 30 34 48 33 45 06 00 00 04 2E 06 00 00 00 00 06 00 00 00 39 06 00 00 00 00 06 00 00 06 D6 06 00 00 0D 79 06 00 00 0D C6 06 00 00 09 68 06 00 00 00 00 06 00 00 09 6A 
E6 E7 00 0F 40 00 00 00 09 0C 07 E1 09 12 01 14 0B 20 FF 80 00 00 02 01 06 00 00 04 2C 
E6 E7 00 0F 40 00 00 00 09 0C 07 E1 09 12 01 14 0B 22 FF 80 00 00 02 01 06 00 00 04 2D 
E6 E7 00 0F 40 00 00 00 09 0C 07 E1 09 12 01 14 0B 24 FF 80 00 00 02 01 06 00 00 04 2C 
E6 E7 00 0F 40 00 00 00 09 0C 07 E1 09 12 01 14 0B 26 FF 80 00 00 02 01 06 00 00 04 2D 
E6 E7 00 0F 40 00 00 00 09 0C 07 E1 09 12 01 14 0B 28 FF 80 00 00 02 0D 09 07 4B 46 4D 5F 30 30 31 09 10 36 39 37 30 36 33 31 34 30 31 37 35 33 39 38 35 09 08 4D 41 33 30 34 48 33 45 06 00 00 04 2F 06 00 00 00 00 06 00 00 00 3A 06 00 00 00 00 06 00 00 06 D4 06 00 00 0D 77 06 00 00 0D C4 06 00 00 09 68 06 00 00 00 00 06 00 00 09 6B 
E6 E7 00 0F 40 00 00 00 09 0C 07 E1 09 12 01 14 0B 2A FF 80 00 00 02 01 06 00 00 04 2C 
E6 E7 00 0F 40 00 00 00 09 0C 07 E1 09 12 01 14 0B 2C FF 80 00 00 02 01 06 00 00 04 2B 
E6 E7 00 0F 40 00 00 00 09 0C 07 E1 09 12 01 14 0B 2E FF 80 00 00 02 01 06 00 00 04 29 
E6 E7 00 0F 40 00 00 00 09 0C 07 E1 09 12 01 14 0B 30 FF 80 00 00 02 01 06 00 00 03 EE 
E6 E7 00 0F 40 00 00 00 09 0C 07 E1 09 12 01 14 0B 32 FF 80 00 00 02 0D 09 07 4B 46 4D 5F 30 30 31 09 10 36 39 37 30 36 33 31 34 30 31 37 35 33 39 38 35 09 08 4D 41 33 30 34 48 33 45 06 00 00 03 F6 06 00 00 00 00 06 00 00 00 2F 06 00 00 00 00 06 00 00 06 C8 06 00 00 0C 97 06 00 00 0C EB 06 00 00 09 6B 06 00 00 00 00 06 00 00 09 6C 
E6 E7 00 0F 40 00 00 00 09 0C 07 E1 09 12 01 14 0B 34 FF 80 00 00 02 01 06 00 00 03 F8 
E6 E7 00 0F 40 00 00 00 09 0C 07 E1 09 12 01 14 0B 36 FF 80 00 00 02 01 06 00 00 03 F6 
E6 E7 00 0F 40 00 00 00 09 0C 07 E1 09 12 01 14 0B 38 FF 80 00 00 02 01 06 00 00 03 F3 
E6 E7 00 0F 40 00 00 00 09 0C 07 E1 09 12 01 14 0B 3A FF 80 00 00 02 01 06 00 00 03 F3 
E6 E7 00 0F 40 00 00 00 09 0C 07 E1 09 12 01 14 0C 00 FF 80 00 00 02 0D 09 07 4B 46 4D 5F 30 30 31 09 10 36 39 37 30 36 33 31 34 30 31 37 35 33 39 38 35 09 08 4D 41 33 30 34 48 33 45 06 00 00 03 F5 06 00 00 00 00 06 00 00 00 2F 06 00 00 00 00 06 00 00 06 C9 06 00 00 0C 87 06 00 00 0C DB 06 00 00 09 6B 06 00 00 00 00 06 00 00 09 6C 
E6 E7 00 0F 40 00 00 00 09 0C 07 E1 09 12 01 14 0C 02 FF 80 00 00 02 01 06 00 00 03 F0 
E6 E7 00 0F 40 00 00 00 09 0C 07 E1 09 12 01 14 0C 04 FF 80 00 00 02 01 06 00 00 03 FD 
E6 E7 00 0F 40 00 00 00 09 0C 07 E1 09 12 01 14 0C 06 FF 80 00 00 02 01 06 00 00 03 F7 
E6 E7 00 0F 40 00 00 00 09 0C 07 E1 09 12 01 14 0C 08 FF 80 00 00 02 01 06 00 00 03 F5 
E6 E7 00 0F 40 00 00 00 09 0C 07 E1 09 12 01 14 0C 0A FF 80 00 00 02 0D 09 07 4B 46 4D 5F 30 30 31 09 10 36 39 37 30 36 33 31 34 30 31 37 35 33 39 38 35 09 08 4D 41 33 30 34 48 33 45 06 00 00 03 F9 06 00 00 00 00 06 00 00 00 30 06 00 00 00 00 06 00 00 06 E4 06 00 00 0C 85 06 00 00 0C F5 06 00 00 09 6B 06 00 00 00 00 06 00 00 09 6C 
E6 E7 00 0F 40 00 00 00 09 0C 07 E1 09 12 01 14 0C 0C FF 80 00 00 02 01 06 00 00 04 06 
E6 E7 00 0F 40 00 00 00 09 0C 07 E1 09 12 01 14 0C 0E FF 80 00 00 02 01 06 00 00 03 F4 
E6 E7 00 0F 40 00 00 00 09 0C 07 E1 09 12 01 14 0C 10 FF 80 00 00 02 01 06 00 00 03 F1 
E6 E7 00 0F 40 00 00 00 09 0C 07 E1 09 12 01 14 0C 12 FF 80 00 00 02 01 06 00 00 03 F3 
E6 E7 00 0F 40 00 00 00 09 0C 07 E1 09 12 01 14 0C 14 FF 80 00 00 02 0D 09 07 4B 46 4D 5F 30 30 31 09 10 36 39 37 30 36 33 31 34 30 31 37 35 33 39 38 35 09 08 4D 41 33 30 34 48 33 45 06 00 00 03 EF 06 00 00 00 00 06 00 00 00 2E 06 00 00 00 00 06 00 00 06 C8 06 00 00 0C 7D 06 00 00 0C D4 06 00 00 09 69 06 00 00 00 00 06 00 00 09 6A 
E6 E7 00 0F 40 00 00 00 09 0C 07 E1 09 12 01 14 0C 16 FF 80 00 00 02 01 06 00 00 03 F5 
E6 E7 00 0F 40 00 00 00 09 0C 07 E1 09 12 01 14 0C 18 FF 80 00 00 02 01 06 00 00 03 FF 
E6 E7 00 0F 40 00 00 00 09 0C 07 E1 09 12 01 14 0C 1A FF 80 00 00 02 01 06 00 00 03 F5 
E6 E7 00 0F 40 00 00 00 09 0C 07 E1 09 12 01 14 0C 1C FF 80 00 00 02 01 06 00 00 03 F6 
E6 E7 00 0F 40 00 00 00 09 0C 07 E1 09 12 01 14 0C 1E FF 80 00 00 02 0D 09 07 4B 46 4D 5F 30 30 31 09 10 36 39 37 30 36 33 31 34 30 31 37 35 33 39 38 35 09 08 4D 41 33 30 34 48 33 45 06 00 00 03 F3 06 00 00 00 00 06 00 00 00 2F 06 00 00 00 00 06 00 00 06 CF 06 00 00 0C 88 06 00 00 0C E3 06 00 00 09 6C 06 00 00 00 00 06 00 00 09 6D 
E6 E7 00 0F 40 00 00 00 09 0C 07 E1 09 12 01 14 0C 20 FF 80 00 00 02 01 06 00 00 03 F4 
E6 E7 00 0F 40 00 00 00 09 0C 07 E1 09 12 01 14 0C 22 FF 80 00 00 02 01 06 00 00 03 F6 
E6 E7 00 0F 40 00 00 00 09 0C 07 E1 09 12 01 14 0C 24 FF 80 00 00 02 01 06 00 00 03 F6 
E6 E7 00 0F 40 00 00 00 09 0C 07 E1 09 12 01 14 0C 26 FF 80 00 00 02 01 06 00 00 03 F4 
E6 E7 00 0F 40 00 00 00 09 0C 07 E1 09 12 01 14 0C 28 FF 80 00 00 02 0D 09 07 4B 46 4D 5F 30 30 31 09 10 36 39 37 30 36 33 31 34 30 31 37 35 33 39 38 35 09 08 4D 41 33 30 34 48 33 45 06 00 00 03 F4 06 00 00 00 00 06 00 00 00 2F 06 00 00 00 00 06 00 00 06 D0 06 00 00 0C 87 06 00 00 0C E3 06 00 00 09 6B 06 00 00 00 00 06 00 00 09 6C 
E6 E7 00 0F 40 00 00 00 09 0C 07 E1 09 12 01 14 0C 2A FF 80 00 00 02 01 06 00 00 03 F3 
E6 E7 00 0F 40 00 00 00 09 0C 07 E1 09 12 01 14 0C 2C FF 80 00 00 02 01 06 00 00 03 F2 
E6 E7 00 0F 40 00 00 00 09 0C 07 E1 09 12 01 14 0C 2E FF 80 00 00 02 01 06 00 00 03 F6 
E6 E7 00 0F 40 00 00 00 09 0C 07 E1 09 12 01 14 0C 30 FF 80 00 00 02 01 06 00 00 03 F4 
E6 E7 00 0F 40 00 00 00 09 0C 07 E1 09 12 01 14 0C 32 FF 80 00 00 02 0D 09 07 4B 46 4D 5F 30 30 31 09 10 36 39 37 30 36 33 31 34 30 31 37 35 33 39 38 35 09 08 4D 41 33 30 34 48 33 45 06 00 00 03 F2 06 00 00 00 00 06 00 00 00 2E 06 00 00 00 00 06 00 00 06 CE 06 00 00 0C 88 06 00 00 0C DD 06 00 00 09 6B 06 00 00 00 00 06 00 00 09 6C 
E6 E7 00 0F 40 00 00 00 09 0C 07 E1 09 12 01 14 0C 34 FF 80 00 00 02 01 06 00 00 03 F4 
E6 E7 00 0F 40 00 00 00 09 0C 07 E1 09 12 01 14 0C 36 FF 80 00 00 02 01 06 00 00 03 F4 
E6 E7 00 0F 40 00 00 00 09 0C 07 E1 09 12 01 14 0C 38 FF 80 00 00 02 01 06 00 00 03 F1 
E6 E7 00 0F 40 00 00 00 09 0C 07 E1 09 12 01 14 0C 3A FF 80 00 00 02 01 06 00 00 03 F7 
E6 E7 00 0F 40 00 00 00 09 0C 07 E1 09 12 01 14 0D 00 FF 80 00 00 02 0D 09 07 4B 46 4D 5F 30 30 31 09 10 36 39 37 30 36 33 31 34 30 31 37 35 33 39 38 35 09 08 4D 41 33 30 34 48 33 45 06 00 00 03 F6 06 00 00 00 00 06 00 00 00 2E 06 00 00 00 00 06 00 00 06 D4 06 00 00 0C 8C 06 00 00 0C EB 06 00 00 09 6C 06 00 00 00 00 06 00 00 09 6D 
E6 E7 00 0F 40 00 00 00 09 0C 07 E1 09 12 01 14 0D 02 FF 80 00 00 02 01 06 00 00 03 F1 
E6 E7 00 0F 40 00 00 00 09 0C 07 E1 09 12 01 14 0D 04 FF 80 00 00 02 01 06 00 00 03 F7 
E6 E7 00 0F 40 00 00 00 09 0C 07 E1 09 12 01 14 0D 06 FF 80 00 00 02 01 06 00 00 03 FF 
E6 E7 00 0F 40 00 00 00 09 0C 07 E1 09 12 01 14 0D 08 FF 80 00 00 02 01 06 00 00 03 F9 
E6 E7 00 0F 40 00 00 00 09 0C 07 E1 09 12 01 14 0D 0A FF 80 00 00 02 0D 09 07 4B 46 4D 5F 30 30 31 09 10 36 39 37 30 36 33 31 34 30 31 37 35 33 39 38 35 09 08 4D 41 33 30 34 48 33 45 06 00 00 03 F7 06 00 00 00 00 06 00 00 00 34 06 00 00 00 00 06 00 00 06 E0 06 00 00 0C 86 06 00 00 0D 01 06 00 00 09 69 06 00 00 00 00 06 00 00 09 6B 
E6 E7 00 0F 40 00 00 00 09 0C 07 E1 09 12 01 14 0D 0C FF 80 00 00 02 01 06 00 00 03 F7 
E6 E7 00 0F 40 00 00 00 09 0C 07 E1 09 12 01 14 0D 0E FF 80 00 00 02 01 06 00 00 03 F5 
E6 E7 00 0F 40 00 00 00 09 0C 07 E1 09 12 01 14 0D 10 FF 80 00 00 02 01 06 00 00 03 F9 
E6 E7 00 0F 40 00 00 00 09 0C 07 E1 09 12 01 14 0D 12 FF 80 00 00 02 01 06 00 00 03 FB 
E6 E7 00 0F 40 00 00 00 09 0C 07 E1 09 12 01 14 0D 14 FF 80 00 00 02 0D 09 07 4B 46 4D 5F 30 30 31 09 10 36 39 37 30 36 33 31 34 30 31 37 35 33 39 38 35 09 08 4D 41 33 30 34 48 33 45 06 00 00 03 F4 06 00 00 00 00 06 00 00 00 34 06 00 00 00 00 06 00 00 06 CD 06 00 00 0C 85 06 00 00 0C F7 06 00 00 09 6A 06 00 00 00 00 06 00 00 09 6B 
E6 E7 00 0F 40 00 00 00 09 0C 07 E1 09 12 01 14 0D 16 FF 80 00 00 02 01 06 00 00 03 F7 
E6 E7 00 0F 40 00 00 00 09 0C 07 E1 09 12 01 14 0D 18 FF 80 00 00 02 01 06 00 00 03 F6 
E6 E7 00 0F 40 00 00 00 09 0C 07 E1 09 12 01 14 0D 1A FF 80 00 00 02 01 06 00 00 03 F4 
E6 E7 00 0F 40 00 00 00 09 0C 07 E1 09 12 01 14 0D 1C FF 80 00 00 02 01 06 00 00 03 F9 
E6 E7 00 0F 40 00 00 00 09 0C 07 E1 09 12 01 14 0D 1E FF 80 00 00 02 0D 09 07 4B 46 4D 5F 30 30 31 09 10 36 39 37 30 36 33 31 34 30 31 37 35 33 39 38 35 09 08 4D 41 33 30 34 48 33 45 06 00 00 03 F4 06 00 00 00 00 06 00 00 00 35 06 00 00 00 00 06 00 00 06 D4 06 00 00 0C 7C 06 00 00 0C F7 06 00 00 09 6A 06 00 00 00 00 06 00 00 09 6B 
E6 E7 00 0F 40 00 00 00 09 0C 07 E1 09 12 01 14 0D 20 FF 80 00 00 02 01 06 00 00 03 F2 
E6 E7 00 0F 40 00 00 00 09 0C 07 E1 09 12 01 14 0D 22 FF 80 00 00 02 01 06 00 00 04 04 
E6 E7 00 0F 40 00 00 00 09 0C 07 E1 09 12 01 14 0D 24 FF 80 00 00 02 01 06 00 00 03 FA 
E6 E7 00 0F 40 00 00 00 09 0C 07 E1 09 12 01 14 0D 26 FF 80 00 00 02 01 06 00 00 03 F7 
E6 E7 00 0F 40 00 00 00 09 0C 07 E1 09 12 01 14 0D 28 FF 80 00 00 02 0D 09 07 4B 46 4D 5F 30 30 31 09 10 36 39 37 30 36 33 31 34 30 31 37 35 33 39 38 35 09 08 4D 41 33 30 34 48 33 45 06 00 00 04 04 06 00 00 00 00 06 00 00 00 39 06 00 00 00 00 06 00 00 06 F4 06 00 00 0C 93 06 00 00 0D 2C 06 00 00 09 6C 06 00 00 00 00 06 00 00 09 6C 
E6 E7 00 0F 40 00 00 00 09 0C 07 E1 09 12 01 14 0D 2A FF 80 00 00 02 01 06 00 00 03 FB 
E6 E7 00 0F 40 00 00 00 09 0C 07 E1 09 12 01 14 0D 2C FF 80 00 00 02 01 06 00 00 03 F7 
E6 E7 00 0F 40 00 00 00 09 0C 07 E1 09 12 01 14 0D 2E FF 80 00 00 02 01 06 00 00 03 FB 
E6 E7 00 0F 40 00 00 00 09 0C 07 E1 09 12 01 14 0D 30 FF 80 00 00 02 01 06 00 00 04 01 
E6 E7 00 0F 40 00 00 00 09 0C 07 E1 09 12 01 14 0D 32 FF 80 00 00 02 0D 09 07 4B 46 4D 5F 30 30 31 09 10 36 39 37 30 36 33 31 34 30 31 37 35 33 39 38 35 09 08 4D 41 33 30 34 48 33 45 06 00 00 03 F9 06 00 00 00 00 06 00 00 00 35 06 00 00 00 00 06 00 00 06 D8 06 00 00 0C 85 06 00 00 0D 01 06 00 00 09 6B 06 00 00 00 00 06 00 00 09 6D 
E6 E7 00 0F 40 00 00 00 09 0C 07 E1 09 12 01 14 0D 34 FF 80 00 00 02 01 06 00 00 03 FB 
E6 E7 00 0F 40 00 00 00 09 0C 07 E1 09 12 01 14 0D 36 FF 80 00 00 02 01 06 00 00 03 FF 
E6 E7 00 0F 40 00 00 00 09 0C 07 E1 09 12 01 14 0D 38 FF 80 00 00 02 01 06 00 00 04 0D 
E6 E7 00 0F 40 00 00 00 09 0C 07 E1 09 12 01 14 0D 3A FF 80 00 00 02 01 06 00 00 03 FB 
E6 E7 00 0F 40 00 00 00 09 0C 07 E1 09 12 01 14 0E 00 FF 80 00 00 02 0D 09 07 4B 46 4D 5F 30 30 31 09 10 36 39 37 30 36 33 31 34 30 31 37 35 33 39 38 35 09 08 4D 41 33 30 34 48 33 45 06 00 00 03 FB 06 00 00 00 00 06 00 00 00 36 06 00 00 00 00 06 00 00 06 E0 06 00 00 0C 86 06 00 00 0D 0C 06 00 00 09 6A 06 00 00 00 00 06 00 00 09 6C 
E6 E7 00 0F 40 00 00 00 09 0C 07 E1 09 12 01 14 0E 02 FF 80 00 00 02 01 06 00 00 03 F9 
E6 E7 00 0F 40 00 00 00 09 0C 07 E1 09 12 01 14 0E 04 FF 80 00 00 02 01 06 00 00 03 F9 
E6 E7 00 0F 40 00 00 00 09 0C 07 E1 09 12 01 14 0E 06 FF 80 00 00 02 01 06 00 00 03 F8 
E6 E7 00 0F 40 00 00 00 09 0C 07 E1 09 12 01 14 0E 08 FF 80 00 00 02 01 06 00 00 03 F7 
E6 E7 00 0F 40 00 00 00 09 0C 07 E1 09 12 01 14 0E 0A FF 80 00 00 02 0D 09 07 4B 46 4D 5F 30 30 31 09 10 36 39 37 30 36 33 31 34 30 31 37 35 33 39 38 35 09 08 4D 41 33 30 34 48 33 45 06 00 00 03 FC 06 00 00 00 00 06 00 00 00 36 06 00 00 00 00 06 00 00 06 E1 06 00 00 0C 8A 06 00 00 0D 0F 06 00 00 09 6B 06 00 00 00 00 06 00 00 09 6C 
E6 E7 00 0F 40 00 00 00 09 0C 07 E1 09 12 01 14 0E 0C FF 80 00 00 02 01 06 00 00 03 FC 
E6 E7 00 0F 40 00 00 00 09 0C 07 E1 09 12 01 14 0E 0E FF 80 00 00 02 01 06 00 00 03 F6 
E6 E7 00 0F 40 00 00 00 09 0C 07 E1 09 12 01 14 0E 10 FF 80 00 00 02 01 06 00 00 03 FB 
E6 E7 00 0F 40 00 00 00 09 0C 07 E1 09 12 01 14 0E 12 FF 80 00 00 02 01 06 00 00 03 F7 
E6 E7 00 0F 40 00 00 00 09 0C 07 E1 09 12 01 14 0E 14 FF 80 00 00 02 0D 09 07 4B 46 4D 5F 30 30 31 09 10 36 39 37 30 36 33 31 34 30 31 37 35 33 39 38 35 09 08 4D 41 33 30 34 48 33 45 06 00 00 03 F5 06 00 00 00 00 06 00 00 00 37 06 00 00 00 00 06 00 00 06 CE 06 00 00 0C 87 06 00 00 0C FB 06 00 00 09 69 06 00 00 00 00 06 00 00 09 6B 
E6 E7 00 0F 40 00 00 00 09 0C 07 E1 09 12 01 14 0E 16 FF 80 00 00 02 01 06 00 00 03 F9 
E6 E7 00 0F 40 00 00 00 09 0C 07 E1 09 12 01 14 0E 18 FF 80 00 00 02 01 06 00 00 03 F9 
E6 E7 00 0F 40 00 00 00 09 0C 07 E1 09 12 01 14 0E 1A FF 80 00 00 02 01 06 00 00 03 F7 
E6 E7 00 0F 40 00 00 00 09 0C 07 E1 09 12 01 14 0E 1C FF 80 00 00 02 01 06 00 00 03 F7 
E6 E7 00 0F 40 00 00 00 09 0C 07 E1 09 12 01 14 0E 1E FF 80 00 00 02 0D 09 07 4B 46 4D 5F 30 30 31 09 10 36 39 37 30 36 33 31 34 30 31 37 35 33 39 38 35 09 08 4D 41 33 30 34 48 33 45 06 00 00 03 F7 06 00 00 00 00 06 00 00 00 36 06 00 00 00 00 06 00 00 06 D5 06 00 00 0C 8A 06 00 00 0C FF 06 00 00 09 6D 06 00 00 00 00 06 00 00 09 6D 
E6 E7 00 0F 40 00 00 00 09 0C 07 E1 09 12 01 14 0E 20 FF 80 00 00 02 01 06 00 00 03 F5 
E6 E7 00 0F 40 00 00 00 09 0C 07 E1 09 12 01 14 0E 22 FF 80 00 00 02 01 06 00 00 03 F8 
E6 E7 00 0F 40 00 00 00 09 0C 07 E1 09 12 01 14 0E 24 FF 80 00 00 02 01 06 00 00 04 0B 
E6 E7 00 0F 40 00 00 00 09 0C 07 E1 09 12 01 14 0E 26 FF 80 00 00 02 01 06 00 00 03 F8 
E6 E7 00 0F 40 00 00 00 09 0C 07 E1 09 12 01 14 0E 28 FF 80 00 00 02 0D 09 07 4B 46 4D 5F 30 30 31 09 10 36 39 37 30 36 33 31 34 30 31 37 35 33 39 38 35 09 08 4D 41 33 30 34 48 33 45 06 00 00 03 F5 06 00 00 00 00 06 00 00 00 35 06 00 00 00 00 06 00 00 06 D6 06 00 00 0C 7F 06 00 00 0C F4 06 00 00 09 6C 06 00 00 00 00 06 00 00 09 6C 
E6 E7 00 0F 40 00 00 00 09 0C 07 E1 09 12 01 14 0E 2A FF 80 00 00 02 01 06 00 00 03 F9 
E6 E7 00 0F 40 00 00 00 09 0C 07 E1 09 12 01 14 0E 2C FF 80 00 00 02 01 06 00 00 03 F8 
E6 E7 00 0F 40 00 00 00 09 0C 07 E1 09 12 01 14 0E 2E FF 80 00 00 02 01 06 00 00 03 FB 
E6 E7 00 0F 40 00 00 00 09 0C 07 E1 09 12 01 14 0E 30 FF 80 00 00 02 01 06 00 00 03 F6 
E6 E7 00 0F 40 00 00 00 09 0C 07 E1 09 12 01 14 0E 32 FF 80 00 00 02 0D 09 07 4B 46 4D 5F 30 30 31 09 10 36 39 37 30 36 33 31 34 30 31 37 35 33 39 38 35 09 08 4D 41 33 30 34 48 33 45 06 00 00 04 02 06 00 00 00 00 06 00 00 00 3B 06 00 00 00 00 06 00 00 06 D0 06 00 00 0C BC 06 00 00 0D 22 06 00 00 09 6C 06 00 00 00 00 06 00 00 09 6D 
E6 E7 00 0F 40 00 00 00 09 0C 07 E1 09 12 01 14 0E 34 FF 80 00 00 02 01 06 00 00 03 F7 
E6 E7 00 0F 40 00 00 00 09 0C 07 E1 09 12 01 14 0E 36 FF 80 00 00 02 01 06 00 00 03 F7 
E6 E7 00 0F 40 00 00 00 09 0C 07 E1 09 12 01 14 0E 38 FF 80 00 00 02 01 06 00 00 03 F6 
E6 E7 00 0F 40 00 00 00 09 0C 07 E1 09 12 01 14 0E 3A FF 80 00 00 02 01 06 00 00 03 F9 
E6 E7 00 0F 40 00 00 00 09 0C 07 E1 09 12 01 14 0F 00 FF 80 00 00 02 0D 09 07 4B 46 4D 5F 30 30 31 09 10 36 39 37 30 36 33 31 34 30 31 37 35 33 39 38 35 09 08 4D 41 33 30 34 48 33 45 06 00 00 03 F7 06 00 00 00 00 06 00 00 00 36 06 00 00 00 00 06 00 00 06 D7 06 00 00 0C 8C 06 00 00 0D 03 06 00 00 09 6A 06 00 00 00 00 06 00 00 09 6B 
E6 E7 00 0F 40 00 00 00 09 0C 07 E1 09 12 01 14 0F 02 FF 80 00 00 02 01 06 00 00 03 F5 
E6 E7 00 0F 40 00 00 00 09 0C 07 E1 09 12 01 14 0F 04 FF 80 00 00 02 01 06 00 00 03 F8 
E6 E7 00 0F 40 00 00 00 09 0C 07 E1 09 12 01 14 0F 06 FF 80 00 00 02 01 06 00 00 03 F4 
E6 E7 00 0F 40 00 00 00 09 0C 07 E1 09 12 01 14 0F 08 FF 80 00 00 02 01 06 00 00 03 F7 
E6 E7 00 0F 40 00 00 00 09 0C 07 E1 09 12 01 14 0F 0A FF 80 00 00 02 0D 09 07 4B 46 4D 5F 30 30 31 09 10 36 39 37 30 36 33 31 34 30 31 37 35 33 39 38 35 09 08 4D 41 33 30 34 48 33 45 06 00 00 03 F8 06 00 00 00 00 06 00 00 00 35 06 00 00 00 00 06 00 00 06 DC 06 00 00 0C 88 06 00 00 0D 04 06 00 00 09 6B 06 00 00 00 00 06 00 00 09 6D 
E6 E7 00 0F 40 00 00 00 09 0C 07 E1 09 12 01 14 0F 0C FF 80 00 00 02 01 06 00 00 03 F6 
E6 E7 00 0F 40 00 00 00 09 0C 07 E1 09 12 01 14 0F 0E FF 80 00 00 02 01 06 00 00 03 F3 
E6 E7 00 0F 40 00 00 00 09 0C 07 E1 09 12 01 14 0F 10 FF 80 00 00 02 01 06 00 00 03 F7 
E6 E7 00 0F 40 00 00 00 09 0C 07 E1 09 12 01 14 0F 12 FF 80 00 00 02 01 06 00 00 04 04 
E6 E7 00 0F 40 00 00 00 09 0C 07 E1 09 12 01 14 0F 14 FF 80 00 00 02 0D 09 07 4B 46 4D 5F 30 30 31 09 10 36 39 37 30 36 33 31 34 30 31 37 35 33 39 38 35 09 08 4D 41 33 30 34 48 33 45 06 00 00 03 F6 06 00 00 00 00 06 00 00 00 37 06 00 00 00 00 06 00 00 06 CD 06 00 00 0C 8C 06 00 00 0C FA 06 00 00 09 6C 06 00 00 00 00 06 00 00 09 6C 
E6 E7 00 0F 40 00 00 00 09 0C 07 E1 09 12 01 14 0F 16 FF 80 00 00 02 01 06 00 00 03 F7 
E6 E7 00 0F 40 00 00 00 09 0C 07 E1 09 12 01 14 0F 18 FF 80 00 00 02 01 06 00 00 03 F6 
E6 E7 00 0F 40 00 00 00 09 0C 07 E1 09 12 01 14 0F 1A FF 80 00 00 02 01 06 00 00 03 F7 
E6 E7 00 0F 40 00 00 00 09 0C 07 E1 09 12 01 14 0F 1C FF 80 00 00 02 01 06 00 00 03 FB 
E6 E7 00 0F 40 00 00 00 09 0C 07 E1 09 12 01 14 0F 1E FF 80 00 00 02 0D 09 07 4B 46 4D 5F 30 30 31 09 10 36 39 37 30 36 33 31 34 30 31 37 35 33 39 38 35 09 08 4D 41 33 30 34 48 33 45 06 00 00 03 FC 06 00 00 00 00 06 00 00 00 37 06 00 00 00 00 06 00 00 06 E3 06 00 00 0C 8B 06 00 00 0D 0E 06 00 00 09 6C 06 00 00 00 00 06 00 00 09 6D 
E6 E7 00 0F 40 00 00 00 09 0C 07 E1 09 12 01 14 0F 20 FF 80 00 00 02 01 06 00 00 03 F6 
E6 E7 00 0F 40 00 00 00 09 0C 07 E1 09 12 01 14 0F 22 FF 80 00 00 02 01 06 00 00 03 F7 
E6 E7 00 0F 40 00 00 00 09 0C 07 E1 09 12 01 14 0F 24 FF 80 00 00 02 01 06 00 00 03 F6 
E6 E7 00 0F 40 00 00 00 09 0C 07 E1 09 12 01 14 0F 26 FF 80 00 00 02 01 06 00 00 03 FB 
E6 E7 00 0F 40 00 00 00 09 0C 07 E1 09 12 01 14 0F 28 FF 80 00 00 02 0D 09 07 4B 46 4D 5F 30 30 31 09 10 36 39 37 30 36 33 31 34 30 31 37 35 33 39 38 35 09 08 4D 41 33 30 34 48 33 45 06 00 00 03 FD 06 00 00 00 00 06 00 00 00 38 06 00 00 00 00 06 00 00 06 DE 06 00 00 0C 8B 06 00 00 0D 0C 06 00 00 09 6C 06 00 00 00 00 06 00 00 09 6E 
E6 E7 00 0F 40 00 00 00 09 0C 07 E1 09 12 01 14 0F 2A FF 80 00 00 02 01 06 00 00 03 F9 
E6 E7 00 0F 40 00 00 00 09 0C 07 E1 09 12 01 14 0F 2C FF 80 00 00 02 01 06 00 00 03 F5 
E6 E7 00 0F 40 00 00 00 09 0C 07 E1 09 12 01 14 0F 2E FF 80 00 00 02 01 06 00 00 03 F8 
E6 E7 00 0F 40 00 00 00 09 0C 07 E1 09 12 01 14 0F 30 FF 80 00 00 02 01 06 00 00 04 04 
E6 E7 00 0F 40 00 00 00 09 0C 07 E1 09 12 01 14 0F 32 FF 80 00 00 02 0D 09 07 4B 46 4D 5F 30 30 31 09 10 36 39 37 30 36 33 31 34 30 31 37 35 33 39 38 35 09 08 4D 41 33 30 34 48 33 45 06 00 00 03 F5 06 00 00 00 00 06 00 00 00 36 06 00 00 00 00 06 00 00 06 D4 06 00 00 0C 83 06 00 00 0C F3 06 00 00 09 6C 06 00 00 00 00 06 00 00 09 6D 
E6 E7 00 0F 40 00 00 00 09 0C 07 E1 09 12 01 14 0F 34 FF 80 00 00 02 01 06 00 00 03 F6 
E6 E7 00 0F 40 00 00 00 09 0C 07 E1 09 12 01 14 0F 36 FF 80 00 00 02 01 06 00 00 04 09 
E6 E7 00 0F 40 00 00 00 09 0C 07 E1 09 12 01 14 0F 38 FF 80 00 00 02 01 06 00 00 03 F5 
E6 E7 00 0F 40 00 00 00 09 0C 07 E1 09 12 01 14 0F 3A FF 80 00 00 02 01 06 00 00 03 FB 
E6 E7 00 0F 40 00 00 00 09 0C 07 E1 09 12 01 14 10 00 FF 80 00 00 02 0D 09 07 4B 46 4D 5F 30 30 31 09 10 36 39 37 30 36 33 31 34 30 31 37 35 33 39 38 35 09 08 4D 41 33 30 34 48 33 45 06 00 00 03 F8 06 00 00 00 00 06 00 00 00 37 06 00 00 00 00 06 00 00 06 D3 06 00 00 0C 8A 06 00 00 0C FD 06 00 00 09 6B 06 00 00 00 00 06 00 00 09 6D 
E6 E7 00 0F 40 00 00 00 09 0C 07 E1 09 12 01 14 10 02 FF 80 00 00 02 01 06 00 00 03 F7 
E6 E7 00 0F 40 00 00 00 09 0C 07 E1 09 12 01 14 10 04 FF 80 00 00 02 01 06 00 00 03 FB 
E6 E7 00 0F 40 00 00 00 09 0C 07 E1 09 12 01 14 10 06 FF 80 00 00 02 01 06 00 00 03 FB 
E6 E7 00 0F 40 00 00 00 09 0C 07 E1 09 12 01 14 10 08 FF 80 00 00 02 01 06 00 00 03 F6 
E6 E7 00 0F 40 00 00 00 09 0C 07 E1 09 12 01 14 10 0A FF 80 00 00 02 0D 09 07 4B 46 4D 5F 30 30 31 09 10 36 39 37 30 36 33 31 34 30 31 37 35 33 39 38 35 09 08 4D 41 33 30 34 48 33 45 06 00 00 03 FA 06 00 00 00 00 06 00 00 00 38 06 00 00 00 00 06 00 00 06 DF 06 00 00 0C 88 06 00 00 0D 06 06 00 00 09 6C 06 00 00 00 00 06 00 00 09 6D 
E6 E7 00 0F 40 00 00 00 09 0C 07 E1 09 12 01 14 10 0C FF 80 00 00 02 01 06 00 00 03 FC 
E6 E7 00 0F 40 00 00 00 09 0C 07 E1 09 12 01 14 10 0E FF 80 00 00 02 01 06 00 00 03 F6 
E6 E7 00 0F 40 00 00 00 09 0C 07 E1 09 12 01 14 10 10 FF 80 00 00 02 01 06 00 00 03 F7 
E6 E7 00 0F 40 00 00 00 09 0C 07 E1 09 12 01 14 10 12 FF 80 00 00 02 01 06 00 00 03 F7 
E6 E7 00 0F 40 00 00 00 09 0C 07 E1 09 12 01 14 10 14 FF 80 00 00 02 0D 09 07 4B 46 4D 5F 30 30 31 09 10 36 39 37 30 36 33 31 34 30 31 37 35 33 39 38 35 09 08 4D 41 33 30 34 48 33 45 06 00 00 03 F5 06 00 00 00 00 06 00 00 00 37 06 00 00 00 00 06 00 00 06 CE 06 00 00 0C 8A 06 00 00 0C F5 06 00 00 09 6D 06 00 00 00 00 06 00 00 09 6F 
E6 E7 00 0F 40 00 00 00 09 0C 07 E1 09 12 01 14 10 16 FF 80 00 00 02 01 06 00 00 03 F8 
E6 E7 00 0F 40 00 00 00 09 0C 07 E1 09 12 01 14 10 18 FF 80 00 00 02 01 06 00 00 03 F6 
E6 E7 00 0F 40 00 00 00 09 0C 07 E1 09 12 01 14 10 1A FF 80 00 00 02 01 06 00 00 03 F4 
E6 E7 00 0F 40 00 00 00 09 0C 07 E1 09 12 01 14 10 1C FF 80 00 00 02 01 06 00 00 04 05 
E6 E7 00 0F 40 00 00 00 09 0C 07 E1 09 12 01 14 10 1E FF 80 00 00 02 0D 09 07 4B 46 4D 5F 30 30 31 09 10 36 39 37 30 36 33 31 34 30 31 37 35 33 39 38 35 09 08 4D 41 33 30 34 48 33 45 06 00 00 03 F6 06 00 00 00 00 06 00 00 00 37 06 00 00 00 00 06 00 00 06 CD 06 00 00 0C 89 06 00 00 0C F9 06 00 00 09 6D 06 00 00 00 00 06 00 00 09 6F 
E6 E7 00 0F 40 00 00 00 09 0C 07 E1 09 12 01 14 10 20 FF 80 00 00 02 01 06 00 00 03 F5 
E6 E7 00 0F 40 00 00 00 09 0C 07 E1 09 12 01 14 10 22 FF 80 00 00 02 01 06 00 00 03 FB 
E6 E7 00 0F 40 00 00 00 09 0C 07 E1 09 12 01 14 10 24 FF 80 00 00 02 01 06 00 00 03 F9 
E6 E7 00 0F 40 00 00 00 09 0C 07 E1 09 12 01 14 10 26 FF 80 00 00 02 01 06 00 00 03 F7 
E6 E7 00 0F 40 00 00 00 09 0C 07 E1 09 12 01 14 10 28 FF 80 00 00 02 0D 09 07 4B 46 4D 5F 30 30 31 09 10 36 39 37 30 36 33 31 34 30 31 37 35 33 39 38 35 09 08 4D 41 33 30 34 48 33 45 06 00 00 03 F9 06 00 00 00 00 06 00 00 00 37 06 00 00 00 00 06 00 00 06 D7 06 00 00 0C 8B 06 00 00 0D 01 06 00 00 09 6E 06 00 00 00 00 06 00 00 09 6D 
E6 E7 00 0F 40 00 00 00 09 0C 07 E1 09 12 01 14 10 2A FF 80 00 00 02 01 06 00 00 04 01 
E6 E7 00 0F 40 00 00 00 09 0C 07 E1 09 12 01 14 10 2C FF 80 00 00 02 01 06 00 00 03 F6 
E6 E7 00 0F 40 00 00 00 09 0C 07 E1 09 12 01 14 10 2E FF 80 00 00 02 01 06 00 00 03 FB 
E6 E7 00 0F 40 00 00 00 09 0C 07 E1 09 12 01 14 10 30 FF 80 00 00 02 01 06 00 00 03 FB 
E6 E7 00 0F 40 00 00 00 09 0C 07 E1 09 12 01 14 10 32 FF 80 00 00 02 0D 09 07 4B 46 4D 5F 30 30 31 09 10 36 39 37 30 36 33 31 34 30 31 37 35 33 39 38 35 09 08 4D 41 33 30 34 48 33 45 06 00 00 03 FA 06 00 00 00 00 06 00 00 00 38 06 00 00 00 00 06 00 00 06 DB 06 00 00 0C 88 06 00 00 0D 05 06 00 00 09 6F 06 00 00 00 00 06 00 00 09 70 
E6 E7 00 0F 40 00 00 00 09 0C 07 E1 09 12 01 14 10 34 FF 80 00 00 02 01 06 00 00 04 06 
E6 E7 00 0F 40 00 00 00 09 0C 07 E1 09 12 01 14 10 36 FF 80 00 00 02 01 06 00 00 03 FA 
E6 E7 00 0F 40 00 00 00 09 0C 07 E1 09 12 01 14 10 38 FF 80 00 00 02 01 06 00 00 03 F8 
E6 E7 00 0F 40 00 00 00 09 0C 07 E1 09 12 01 14 10 3A FF 80 00 00 02 01 06 00 00 03 FD 
E6 E7 00 0F 40 00 00 00 09 0C 07 E1 09 12 01 14 11 00 FF 80 00 00 02 0D 09 07 4B 46 4D 5F 30 30 31 09 10 36 39 37 30 36 33 31 34 30 31 37 35 33 39 38 35 09 08 4D 41 33 30 34 48 33 45 06 00 00 03 F2 06 00 00 00 00 06 00 00 00 36 06 00 00 00 00 06 00 00 06 CF 06 00 00 0C 7A 06 00 00 0C ED 06 00 00 09 6C 06 00 00 00 00 06 00 00 09 6D 
E6 E7 00 0F 40 00 00 00 09 0C 07 E1 09 12 01 14 11 02 FF 80 00 00 02 01 06 00 00 03 F8 
E6 E7 00 0F 40 00 00 00 09 0C 07 E1 09 12 01 14 11 04 FF 80 00 00 02 01 06 00 00 04 00 
E6 E7 00 0F 40 00 00 00 09 0C 07 E1 09 12 01 14 11 06 FF 80 00 00 02 01 06 00 00 03 F9 
E6 E7 00 0F 40 00 00 00 09 0C 07 E1 09 12 01 14 11 08 FF 80 00 00 02 01 06 00 00 03 F6 
E6 E7 00 0F 40 00 00 00 09 0C 07 E1 09 12 01 14 11 0A FF 80 00 00 02 0D 09 07 4B 46 4D 5F 30 30 31 09 10 36 39 37 30 36 33 31 34 30 31 37 35 33 39 38 35 09 08 4D 41 33 30 34 48 33 45 06 00 00 03 FB 06 00 00 00 00 06 00 00 00 39 06 00 00 00 00 06 00 00 06 DC 06 00 00 0C 8C 06 00 00 0D 0C 06 00 00 09 6C 06 00 00 00 00 06 00 00 09 6D 
E6 E7 00 0F 40 00 00 00 09 0C 07 E1 09 12 01 14 11 0C FF 80 00 00 02 01 06 00 00 03 FA 
E6 E7 00 0F 40 00 00 00 09 0C 07 E1 09 12 01 14 11 0E FF 80 00 00 02 01 06 00 00 03 F6 
E6 E7 00 0F 40 00 00 00 09 0C 07 E1 09 12 01 14 11 10 FF 80 00 00 02 01 06 00 00 03 F9 
E6 E7 00 0F 40 00 00 00 09 0C 07 E1 09 12 01 14 11 12 FF 80 00 00 02 01 06 00 00 03 FA 
E6 E7 00 0F 40 00 00 00 09 0C 07 E1 09 12 01 14 11 14 FF 80 00 00 02 0D 09 07 4B 46 4D 5F 30 30 31 09 10 36 39 37 30 36 33 31 34 30 31 37 35 33 39 38 35 09 08 4D 41 33 30 34 48 33 45 06 00 00 03 F7 06 00 00 00 00 06 00 00 00 38 06 00 00 00 00 06 00 00 06 D2 06 00 00 0C 88 06 00 00 0C FC 06 00 00 09 6B 06 00 00 00 00 06 00 00 09 6D 
E6 E7 00 0F 40 00 00 00 09 0C 07 E1 09 12 01 14 11 16 FF 80 00 00 02 01 06 00 00 03 F8 
E6 E7 00 0F 40 00 00 00 09 0C 07 E1 09 12 01 14 11 18 FF 80 00 00 02 01 06 00 00 03 F6 
E6 E7 00 0F 40 00 00 00 09 0C 07 E1 09 12 01 14 11 1A FF 80 00 00 02 01 06 00 00 03 F5 
E6 E7 00 0F 40 00 00 00 09 0C 07 E1 09 12 01 14 11 1C FF 80 00 00 02 01 06 00 00 03 F8 
E6 E7 00 0F 40 00 00 00 09 0C 07 E1 09 12 01 14 11 1E FF 80 00 00 02 0D 09 07 4B 46 4D 5F 30 30 31 09 10 36 39 37 30 36 33 31 34 30 31 37 35 33 39 38 35 09 08 4D 41 33 30 34 48 33 45 06 00 00 03 F7 06 00 00 00 00 06 00 00 00 38 06 00 00 00 00 06 00 00 06 D5 06 00 00 0C 86 06 00 00 0C FD 06 00 00 09 6C 06 00 00 00 00 06 00 00 09 6E 
E6 E7 00 0F 40 00 00 00 09 0C 07 E1 09 12 01 14 11 20 FF 80 00 00 02 01 06 00 00 03 F4 
E6 E7 00 0F 40 00 00 00 09 0C 07 E1 09 12 01 14 11 22 FF 80 00 00 02 01 06 00 00 03 F3 
E6 E7 00 0F 40 00 00 00 09 0C 07 E1 09 12 01 14 11 24 FF 80 00 00 02 01 06 00 00 03 F1 
E6 E7 00 0F 40 00 00 00 09 0C 07 E1 09 12 01 14 11 26 FF 80 00 00 02 01 06 00 00 03 F9 
E6 E7 00 0F 40 00 00 00 09 0C 07 E1 09 12 01 14 11 28 FF 80 00 00 02 0D 09 07 4B 46 4D 5F 30 30 31 09 10 36 39 37 30 36 33 31 34 30 31 37 35 33 39 38 35 09 08 4D 41 33 30 34 48 33 45 06 00 00 03 FA 06 00 00 00 00 06 00 00 00 39 06 00 00 00 00 06 00 00 06 D7 06 00 00 0C 8F 06 00 00 0D 05 06 00 00 09 6B 06 00 00 00 00 06 00 00 09 6E 
E6 E7 00 0F 40 00 00 00 09 0C 07 E1 09 12 01 14 11 2A FF 80 00 00 02 01 06 00 00 03 F7 
E6 E7 00 0F 40 00 00 00 09 0C 07 E1 09 12 01 14 11 2C FF 80 00 00 02 01 06 00 00 03 F6 
E6 E7 00 0F 40 00 00 00 09 0C 07 E1 09 12 01 14 11 2E FF 80 00 00 02 01 06 00 00 03 F6 
E6 E7 00 0F 40 00 00 00 09 0C 07 E1 09 12 01 14 11 30 FF 80 00 00 02 01 06 00 00 04 00 
E6 E7 00 0F 40 00 00 00 09 0C 07 E1 09 12 01 14 11 32 FF 80 00 00 02 0D 09 07 4B 46 4D 5F 30 30 31 09 10 36 39 37 30 36 33 31 34 30 31 37 35 33 39 38 35 09 08 4D 41 33 30 34 48 33 45 06 00 00 03 FA 06 00 00 00 00 06 00 00 00 38 06 00 00 00 00 06 00 00 06 BF 06 00 00 0C A0 06 00 00 0D 04 06 00 00 09 6E 06 00 00 00 00 06 00 00 09 6F 
E6 E7 00 0F 40 00 00 00 09 0C 07 E1 09 12 01 14 11 34 FF 80 00 00 02 01 06 00 00 03 FF 
E6 E7 00 0F 40 00 00 00 09 0C 07 E1 09 12 01 14 11 36 FF 80 00 00 02 01 06 00 00 03 FC 
E6 E7 00 0F 40 00 00 00 09 0C 07 E1 09 12 01 14 11 38 FF 80 00 00 02 01 06 00 00 03 FA 
E6 E7 00 0F 40 00 00 00 09 0C 07 E1 09 12 01 14 11 3A FF 80 00 00 02 01 06 00 00 03 FC 
E6 E7 00 0F 40 00 00 00 09 0C 07 E1 09 12 01 14 12 00 FF 80 00 00 02 0D 09 07 4B 46 4D 5F 30 30 31 09 10 36 39 37 30 36 33 31 34 30 31 37 35 33 39 38 35 09 08 4D 41 33 30 34 48 33 45 06 00 00 03 FE 06 00 00 00 00 06 00 00 00 38 06 00 00 00 00 06 00 00 06 D1 06 00 00 0C AD 06 00 00 0D 15 06 00 00 09 6D 06 00 00 00 00 06 00 00 09 6F 
E6 E7 00 0F 40 00 00 00 09 0C 07 E1 09 12 01 14 12 02 FF 80 00 00 02 01 06 00 00 03 F8 
E6 E7 00 0F 40 00 00 00 09 0C 07 E1 09 12 01 14 12 04 FF 80 00 00 02 01 06 00 00 03 FF 
E6 E7 00 0F 40 00 00 00 09 0C 07 E1 09 12 01 14 12 06 FF 80 00 00 02 01 06 00 00 03 FA 
E6 E7 00 0F 40 00 00 00 09 0C 07 E1 09 12 01 14 12 08 FF 80 00 00 02 01 06 00 00 03 F9 
E6 E7 00 0F 40 00 00 00 09 0C 07 E1 09 12 01 14 12 0A FF 80 00 00 02 0D 09 07 4B 46 4D 5F 30 30 31 09 10 36 39 37 30 36 33 31 34 30 31 37 35 33 39 38 35 09 08 4D 41 33 30 34 48 33 45 06 00 00 03 FB 06 00 00 00 00 06 00 00 00 37 06 00 00 00 00 06 00 00 06 D3 06 00 00 0C 92 06 00 00 0D 01 06 00 00 09 6E 06 00 00 00 00 06 00 00 09 6F 
E6 E7 00 0F 40 00 00 00 09 0C 07 E1 09 12 01 14 12 0C FF 80 00 00 02 01 06 00 00 03 FA 
E6 E7 00 0F 40 00 00 00 09 0C 07 E1 09 12 01 14 12 0E FF 80 00 00 02 01 06 00 00 03 FE 
E6 E7 00 0F 40 00 00 00 09 0C 07 E1 09 12 01 14 12 10 FF 80 00 00 02 01 06 00 00 03 FC 
E6 E7 00 0F 40 00 00 00 09 0C 07 E1 09 12 01 14 12 12 FF 80 00 00 02 01 06 00 00 03 FD 
E6 E7 00 0F 40 00 00 00 09 0C 07 E1 09 12 01 14 12 14 FF 80 00 00 02 0D 09 07 4B 46 4D 5F 30 30 31 09 10 36 39 37 30 36 33 31 34 30 31 37 35 33 39 38 35 09 08 4D 41 33 30 34 48 33 45 06 00 00 04 03 06 00 00 00 00 06 00 00 00 3A 06 00 00 00 00 06 00 00 06 C9 06 00 00 0C 97 06 00 00 0C FD 06 00 00 09 6F 06 00 00 00 00 06 00 00 09 70 
E6 E7 00 0F 40 00 00 00 09 0C 07 E1 09 12 01 14 12 16 FF 80 00 00 02 01 06 00 00 03 FE 
E6 E7 00 0F 40 00 00 00 09 0C 07 E1 09 12 01 14 12 18 FF 80 00 00 02 01 06 00 00 04 2D 
E6 E7 00 0F 40 00 00 00 09 0C 07 E1 09 12 01 14 12 1A FF 80 00 00 02 01 06 00 00 04 34 
E6 E7 00 0F 40 00 00 00 09 0C 07 E1 09 12 01 14 12 1C FF 80 00 00 02 01 06 00 00 04 35 
E6 E7 00 0F 40 00 00 00 09 0C 07 E1 09 12 01 14 12 1E FF 80 00 00 02 0D 09 07 4B 46 4D 5F 30 30 31 09 10 36 39 37 30 36 33 31 34 30 31 37 35 33 39 38 35 09 08 4D 41 33 30 34 48 33 45 06 00 00 04 35 06 00 00 00 00 06 00 00 00 43 06 00 00 00 00 06 00 00 06 DB 06 00 00 0D 81 06 00 00 0D E4 06 00 00 09 6E 06 00 00 00 00 06 00 00 09 6F 
E6 E7 00 0F 40 00 00 00 09 0C 07 E1 09 12 01 14 12 20 FF 80 00 00 02 01 06 00 00 04 36 
E6 E7 00 0F 40 00 00 00 09 0C 07 E1 09 12 01 14 12 22 FF 80 00 00 02 01 06 00 00 04 35 
