They actually use multiple frames, so this is a "fake" frame combining the two into one, but without checksum fields.

7E 
A0 BD 
CF 02 23 03 00 00
E6 E7 00 
0F 00 03 46 3B 
0C 07 E9 0C 13 05 17 37 28 00 FF C4 00

02 21 
09 08 39 32 30 32 39 36 39 31 
09 04 17 37 28 00 
09 05 07 E9 0C 13 05 
06 00 6C 28 5A 
06 00 4B 76 1A 
06 00 20 B2 40 
06 00 58 68 AA 
06 00 57 A1 62 
06 00 00 C7 48 
06 00 17 EE D7 
06 00 12 F5 5C 
06 00 00 D9 6A 
06 00 15 36 84 
06 00 00 01 7E
06 00 00 00 00 
12 03 79 
06 00 00 00 7F 
06 00 00 00 BD 
06 00 00 00 41 
06 00 00 00 00 
06 00 00 00 00 
06 00 00 00 00 
12 09 54 
12 09 35 
12 09 49 
12 00 37 
12 00 59 
12 00 4D 
06 00 00 43 62 
01 01 
  12 24 B8 
01 01 
  12 24 B8 
01 01 
  12 24 B8 
03 01

00 00 7E
